Codi,Literal,Homes. De 0 a 14 anys,Homes. De 15 a 64 anys,Homes. 65 anys o més,Dones. De 0 a 14 anys,Dones. De 15 a 64 anys,Dones. 65 anys o més,Total. De 0 a 14 anys,Total. De 15 a 64 anys,Total. 65 anys o més,Total. Total,Homes. Total,Dones. Total,P Total. De 0 a 14 anys,P Total. De 15 a 64 anys,P Total. 65 anys o més,P Homes. De 0 a 14 anys,P Homes. De 15 a 64 anys,P Homes. 65 anys o més,P Dones. De 0 a 14 anys,P Dones. De 15 a 64 anys,P Dones. 65 anys o més
25001,Abella de la Conca,8,59,22,8,51,23,16,110,45,171,89,82,0.0935672514619883,0.6432748538011696,0.2631578947368421,0.0898876404494382,0.6629213483146067,0.24719101123595505,0.0975609756097561,0.6219512195121951,0.2804878048780488
8001,Abrera,1100,4366,907,1038,4137,1072,2138,8503,1979,12620,6373,6247,0.1694136291600634,0.6737717908082409,0.1568145800316957,0.17260316962184213,0.6850776714263298,0.14231915895182803,0.16615975668320793,0.6622378741796062,0.17160236913718585
25002,Àger,26,206,90,23,163,80,49,369,170,588,322,266,0.08333333333333333,0.6275510204081632,0.2891156462585034,0.08074534161490683,0.639751552795031,0.2795031055900621,0.08646616541353383,0.6127819548872181,0.3007518796992481
25003,Agramunt,412,1860,491,422,1670,609,834,3530,1100,5464,2763,2701,0.1526354319180088,0.6460468521229868,0.20131771595900438,0.14911328266377127,0.6731813246471227,0.17770539268910604,0.15623843021103295,0.6182895223991114,0.2254720473898556
8002,Aguilar de Segarra,28,95,31,28,80,24,56,175,55,286,154,132,0.1958041958041958,0.6118881118881119,0.19230769230769232,0.18181818181818182,0.6168831168831169,0.2012987012987013,0.21212121212121213,0.6060606060606061,0.18181818181818182
17001,Agullana,70,283,92,65,279,96,135,562,188,885,445,440,0.15254237288135594,0.6350282485875707,0.21242937853107344,0.15730337078651685,0.6359550561797753,0.20674157303370785,0.14772727272727273,0.634090909090909,0.21818181818181817
8014,Aiguafreda,157,851,231,170,823,324,327,1674,555,2556,1239,1317,0.12793427230046947,0.6549295774647887,0.21713615023474178,0.12671509281678772,0.6868442292171105,0.1864406779661017,0.12908124525436598,0.6249050873196659,0.2460136674259681
43001,Aiguamúrcia,58,323,114,74,285,106,132,608,220,960,495,465,0.1375,0.6333333333333333,0.22916666666666666,0.11717171717171718,0.6525252525252525,0.23030303030303031,0.15913978494623657,0.6129032258064516,0.22795698924731184
17002,Aiguaviva,77,260,58,65,267,62,142,527,120,789,395,394,0.17997465145754118,0.6679340937896071,0.1520912547528517,0.1949367088607595,0.6582278481012658,0.1468354430379747,0.1649746192893401,0.6776649746192893,0.15736040609137056
25038,Aitona,212,853,246,174,698,310,386,1551,556,2493,1311,1182,0.15483353389490573,0.6221419975932612,0.22302446851183313,0.16170861937452327,0.6506483600305111,0.18764302059496568,0.14720812182741116,0.5905245346869712,0.2622673434856176
25004,"Alamús, els",52,257,81,48,250,85,100,507,166,773,390,383,0.129366106080207,0.6558861578266494,0.2147477360931436,0.13333333333333333,0.658974358974359,0.2076923076923077,0.12532637075718014,0.6527415143603134,0.22193211488250653
25005,Alàs i Cerc,21,90,44,22,88,57,43,178,101,322,155,167,0.13354037267080746,0.5527950310559007,0.3136645962732919,0.13548387096774195,0.5806451612903226,0.2838709677419355,0.1317365269461078,0.5269461077844312,0.3413173652694611
25006,"Albagés, l'",14,123,52,12,102,54,26,225,106,357,189,168,0.07282913165266107,0.6302521008403361,0.2969187675070028,0.07407407407407407,0.6507936507936508,0.2751322751322751,0.07142857142857142,0.6071428571428571,0.32142857142857145
17003,Albanyà,22,51,17,21,52,15,43,103,32,178,90,88,0.24157303370786518,0.5786516853932584,0.1797752808988764,0.24444444444444444,0.5666666666666667,0.18888888888888888,0.23863636363636365,0.5909090909090909,0.17045454545454544
25007,Albatàrrec,194,833,121,178,740,158,372,1573,279,2224,1148,1076,0.1672661870503597,0.7072841726618705,0.12544964028776978,0.16898954703832753,0.725609756097561,0.10540069686411149,0.1654275092936803,0.6877323420074349,0.14684014869888476
25008,Albesa,119,563,165,87,427,200,206,990,365,1561,847,714,0.13196668802049968,0.6342088404868674,0.23382447149263294,0.14049586776859505,0.6646989374262101,0.19480519480519481,0.12184873949579832,0.5980392156862745,0.2801120448179272
25009,"Albi, l'",57,214,112,40,201,125,97,415,237,749,383,366,0.1295060080106809,0.5540720961281709,0.3164218958611482,0.14882506527415143,0.5587467362924282,0.2924281984334204,0.1092896174863388,0.5491803278688525,0.34153005464480873
43002,Albinyana,194,879,221,161,774,275,355,1653,496,2504,1294,1210,0.14177316293929712,0.6601437699680511,0.19808306709265175,0.14992272024729522,0.6792890262751159,0.17078825347758886,0.13305785123966943,0.6396694214876033,0.22727272727272727
43003,"Albiol, l'",71,170,37,43,161,33,114,331,70,515,278,237,0.22135922330097088,0.6427184466019418,0.13592233009708737,0.25539568345323743,0.6115107913669064,0.13309352517985612,0.18143459915611815,0.679324894514768,0.13924050632911392
17004,Albons,47,271,89,57,254,80,104,525,169,798,407,391,0.13032581453634084,0.6578947368421053,0.21177944862155387,0.11547911547911548,0.6658476658476659,0.21867321867321868,0.14578005115089515,0.649616368286445,0.20460358056265984
43004,Alcanar,675,3214,973,640,2985,1092,1315,6199,2065,9579,4862,4717,0.13727946549744233,0.6471447959077148,0.2155757385948429,0.1388317564788153,0.6610448375154258,0.20012340600575895,0.13567945728217087,0.6328174687301251,0.23150307398770406
25010,Alcanó,18,72,28,14,68,33,32,140,61,233,118,115,0.13733905579399142,0.6008583690987125,0.26180257510729615,0.15254237288135594,0.6101694915254238,0.23728813559322035,0.12173913043478261,0.591304347826087,0.28695652173913044
25011,Alcarràs,922,3602,546,843,3126,639,1765,6728,1185,9678,5070,4608,0.18237239098987393,0.6951849555693325,0.12244265344079355,0.18185404339250494,0.7104536489151874,0.1076923076923077,0.18294270833333334,0.6783854166666666,0.138671875
25012,Alcoletge,316,1306,221,312,1099,238,628,2405,459,3492,1843,1649,0.17983963344788087,0.688717067583047,0.13144329896907217,0.17145957677699403,0.7086272381985893,0.11991318502441671,0.18920557913887204,0.6664645239539114,0.14432989690721648
43005,Alcover,422,1719,428,430,1676,510,852,3395,938,5185,2569,2616,0.16432015429122468,0.6547733847637416,0.18090646094503376,0.16426625145971194,0.6691319579602958,0.16660179057999222,0.1643730886850153,0.6406727828746177,0.19495412844036697
43904,"Aldea, l'",322,1464,433,271,1198,472,593,2662,905,4160,2219,1941,0.14254807692307692,0.6399038461538461,0.21754807692307693,0.14511041009463724,0.6597566471383506,0.19513294276701218,0.1396187532199897,0.6172076249356002,0.2431736218444101
43006,Aldover,57,291,116,40,266,141,97,557,257,911,464,447,0.10647639956092206,0.6114160263446762,0.28210757409440174,0.12284482758620689,0.6271551724137931,0.25,0.0894854586129754,0.5950782997762863,0.31543624161073824
43007,"Aleixar, l'",72,322,75,63,300,80,135,622,155,912,469,443,0.14802631578947367,0.6820175438596491,0.1699561403508772,0.1535181236673774,0.6865671641791045,0.15991471215351813,0.14221218961625282,0.6772009029345373,0.18058690744920994
8003,Alella,850,3021,1008,718,3212,1145,1568,6233,2153,9954,4879,5075,0.15752461322081576,0.6261804299778984,0.2162949568012859,0.17421602787456447,0.6191842590694815,0.2065997130559541,0.14147783251231527,0.6329064039408867,0.22561576354679802
43008,Alfara de Carles,16,133,54,18,97,58,34,230,112,376,203,173,0.09042553191489362,0.6117021276595744,0.2978723404255319,0.07881773399014778,0.6551724137931034,0.2660098522167488,0.10404624277456648,0.5606936416184971,0.3352601156069364
25013,Alfarràs,174,954,299,185,786,361,359,1740,660,2759,1427,1332,0.13011960855382385,0.6306632837984777,0.23921710764769843,0.12193412754029433,0.6685353889278206,0.20953048353188508,0.1388888888888889,0.5900900900900901,0.27102102102102105
25014,Alfés,21,102,39,13,84,42,34,186,81,301,162,139,0.11295681063122924,0.6179401993355482,0.2691029900332226,0.12962962962962962,0.6296296296296297,0.24074074074074073,0.09352517985611511,0.60431654676259,0.302158273381295
43009,Alforja,129,647,161,119,587,200,248,1234,361,1843,937,906,0.13456321215409658,0.6695604991861096,0.1958762886597938,0.1376734258271078,0.6905016008537886,0.1718249733191035,0.13134657836644592,0.6479028697571744,0.22075055187637968
25015,Algerri,24,139,69,14,98,79,38,237,148,423,232,191,0.08983451536643026,0.5602836879432624,0.34988179669030733,0.10344827586206896,0.5991379310344828,0.2974137931034483,0.07329842931937172,0.5130890052356021,0.41361256544502617
25016,Alguaire,207,1114,311,233,860,340,440,1974,651,3065,1632,1433,0.14355628058727568,0.6440456769983687,0.21239804241435561,0.12683823529411764,0.6825980392156863,0.19056372549019607,0.162595952547104,0.6001395673412422,0.23726448011165388
25017,Alins,13,88,46,10,83,39,23,171,85,279,147,132,0.08243727598566308,0.6129032258064516,0.3046594982078853,0.08843537414965986,0.5986394557823129,0.3129251700680272,0.07575757575757576,0.6287878787878788,0.29545454545454547
43010,Alió,41,136,60,50,144,47,91,280,107,478,237,241,0.1903765690376569,0.5857740585774058,0.22384937238493724,0.1729957805907173,0.5738396624472574,0.25316455696202533,0.2074688796680498,0.5975103734439834,0.1950207468879668
25019,Almacelles,504,2564,614,451,2008,734,955,4572,1348,6875,3682,3193,0.1389090909090909,0.6650181818181818,0.19607272727272726,0.13688212927756654,0.6963606735469854,0.16675719717544812,0.14124647666771062,0.6288756655183213,0.22987785781396805
25020,Almatret,9,108,56,5,72,60,14,180,116,310,173,137,0.04516129032258064,0.5806451612903226,0.3741935483870968,0.05202312138728324,0.6242774566473989,0.3236994219653179,0.0364963503649635,0.5255474452554745,0.43795620437956206
25021,Almenar,223,1195,360,196,945,446,419,2140,806,3365,1778,1587,0.12451708766716196,0.6359583952451708,0.23952451708766717,0.12542182227221596,0.6721034870641169,0.20247469066366705,0.12350346565847511,0.5954631379962193,0.2810333963453056
43011,Almoster,92,467,99,80,473,111,172,940,210,1322,658,664,0.13010590015128592,0.7110438729198184,0.1588502269288956,0.1398176291793313,0.709726443768997,0.15045592705167174,0.12048192771084337,0.7123493975903614,0.16716867469879518
25022,Alòs de Balaguer,6,47,21,2,27,19,8,74,40,122,74,48,0.06557377049180328,0.6065573770491803,0.32786885245901637,0.08108108108108109,0.6351351351351351,0.28378378378378377,0.041666666666666664,0.5625,0.3958333333333333
17006,Alp,103,626,120,82,581,133,185,1207,253,1645,849,796,0.11246200607902736,0.7337386018237082,0.15379939209726443,0.12131919905771496,0.7373380447585395,0.1413427561837456,0.10301507537688442,0.7298994974874372,0.1670854271356784
8004,Alpens,18,105,20,14,84,28,32,189,48,269,143,126,0.11895910780669144,0.7026022304832714,0.17843866171003717,0.1258741258741259,0.7342657342657343,0.13986013986013987,0.1111111111111111,0.6666666666666666,0.2222222222222222
25023,Alpicat,560,2163,436,543,2077,495,1103,4240,931,6274,3159,3115,0.17580490914886834,0.6758049091488684,0.1483901817022633,0.1772712883823995,0.6847103513770181,0.13801836024058245,0.17431781701444624,0.6667736757624398,0.15890850722311398
25024,Alt Àneu,26,161,63,14,125,41,40,286,104,430,250,180,0.09302325581395349,0.6651162790697674,0.24186046511627907,0.104,0.644,0.252,0.07777777777777778,0.6944444444444444,0.22777777777777777
43012,Altafulla,451,1748,480,485,1815,533,936,3563,1013,5512,2679,2833,0.16981132075471697,0.6464078374455733,0.18378084179970972,0.1683463979096678,0.6524822695035462,0.1791713325867861,0.17119661136604306,0.6406636074832334,0.1881397811507236
17007,Amer,161,757,252,160,735,318,321,1492,570,2383,1170,1213,0.1347041544271926,0.6261015526647083,0.23919429290809904,0.13760683760683762,0.647008547008547,0.2153846153846154,0.13190436933223412,0.6059356966199505,0.26215993404781535
43013,"Ametlla de Mar, l'",472,2302,846,445,2140,926,917,4442,1772,7131,3620,3511,0.1285934651521526,0.6229140373019212,0.24849249754592623,0.13038674033149172,0.6359116022099448,0.23370165745856353,0.12674451723155797,0.609512959270863,0.26374252349757904
8005,"Ametlla del Vallès, l'",719,3062,646,675,3002,683,1394,6064,1329,8787,4427,4360,0.15864345055195175,0.6901103903493798,0.15124615909866848,0.16241246894059183,0.6916647842782923,0.1459227467811159,0.15481651376146788,0.6885321100917431,0.15665137614678898
43906,"Ampolla, l'",204,1116,458,203,1013,450,407,2129,908,3444,1778,1666,0.11817653890824623,0.6181765389082462,0.26364692218350755,0.11473565804274466,0.6276715410573678,0.2575928008998875,0.12184873949579832,0.6080432172869148,0.27010804321728693
43014,Amposta,1762,7153,1861,1588,6742,2211,3350,13895,4072,21317,10776,10541,0.1571515691701459,0.651827180184829,0.1910212506450251,0.16351150705270973,0.6637899034892354,0.17269858945805494,0.15064984346836163,0.6395977611232331,0.20975239540840526
17008,Anglès,476,1903,471,457,1795,607,933,3698,1078,5709,2850,2859,0.16342616920651604,0.6477491679803818,0.18882466281310212,0.16701754385964912,0.667719298245614,0.16526315789473683,0.15984610003497726,0.627841902763204,0.21231199720181881
25027,Anglesola,106,436,144,118,382,170,224,818,314,1356,686,670,0.16519174041297935,0.6032448377581121,0.23156342182890854,0.15451895043731778,0.6355685131195336,0.2099125364431487,0.1761194029850746,0.5701492537313433,0.2537313432835821
25029,Arbeca,123,728,263,116,613,298,239,1341,561,2141,1114,1027,0.11163007940214853,0.6263428304530593,0.26202709014479214,0.11041292639138241,0.6535008976660682,0.23608617594254938,0.11295034079844206,0.5968841285296982,0.2901655306718598
43016,"Arboç, l'",514,1964,408,504,1735,500,1018,3699,908,5625,2886,2739,0.18097777777777777,0.6576,0.16142222222222222,0.1781011781011781,0.6805266805266805,0.14137214137214138,0.18400876232201532,0.633442862358525,0.18254837531945967
43015,Arbolí,5,59,12,4,32,14,9,91,26,126,76,50,0.07142857142857142,0.7222222222222222,0.20634920634920634,0.06578947368421052,0.7763157894736842,0.15789473684210525,0.08,0.64,0.28
17009,Arbúcies,532,2252,571,521,1973,658,1053,4225,1229,6507,3355,3152,0.16182572614107885,0.6493007530351929,0.1888735208237283,0.1585692995529061,0.67123695976155,0.17019374068554396,0.16529187817258884,0.6259517766497462,0.20875634517766498
8006,Arenys de Mar,1124,5186,1439,1047,5070,2076,2171,10256,3515,15942,7749,8193,0.13618115669301217,0.6433320787855978,0.22048676452139004,0.145050974319267,0.669247644857401,0.18570138082333204,0.1277920175759795,0.6188209447088978,0.25338703771512266
8007,Arenys de Munt,760,3155,734,619,3050,873,1379,6205,1607,9191,4649,4542,0.15003808073115005,0.6751169622456751,0.17484495702317485,0.16347601634760164,0.6786405678640568,0.15788341578834159,0.13628357551739323,0.6715103478643769,0.19220607661822986
17010,Argelaguer,25,141,46,23,135,47,48,276,93,417,212,205,0.11510791366906475,0.6618705035971223,0.22302158273381295,0.1179245283018868,0.6650943396226415,0.2169811320754717,0.11219512195121951,0.6585365853658537,0.22926829268292684
8008,Argençola,13,82,19,17,68,21,30,150,40,220,114,106,0.13636363636363635,0.6818181818181818,0.18181818181818182,0.11403508771929824,0.7192982456140351,0.16666666666666666,0.16037735849056603,0.6415094339622641,0.19811320754716982
43017,"Argentera, l'",1,55,16,4,33,17,5,88,33,126,72,54,0.03968253968253968,0.6984126984126984,0.2619047619047619,0.013888888888888888,0.7638888888888888,0.2222222222222222,0.07407407407407407,0.6111111111111112,0.3148148148148148
8009,Argentona,990,4254,1036,954,4107,1288,1944,8361,2324,12629,6280,6349,0.1539314276664819,0.6620476680655634,0.1840209042679547,0.15764331210191082,0.6773885350318471,0.16496815286624203,0.150259883446212,0.6468735233895102,0.20286659316427783
17011,"Armentera, l'",86,326,91,87,309,99,173,635,190,998,503,495,0.17334669338677355,0.6362725450901804,0.1903807615230461,0.1709741550695825,0.6481113320079522,0.18091451292246521,0.17575757575757575,0.6242424242424243,0.2
43018,Arnes,18,117,83,21,114,88,39,231,171,441,218,223,0.08843537414965986,0.5238095238095238,0.3877551020408163,0.08256880733944955,0.536697247706422,0.38073394495412843,0.09417040358744394,0.5112107623318386,0.39461883408071746
25031,Arres,4,36,4,4,17,2,8,53,6,67,44,23,0.11940298507462686,0.7910447761194029,0.08955223880597014,0.09090909090909091,0.8181818181818182,0.09090909090909091,0.17391304347826086,0.7391304347826086,0.08695652173913043
25032,Arsèguel,8,32,9,7,25,4,15,57,13,85,49,36,0.17647058823529413,0.6705882352941176,0.15294117647058825,0.16326530612244897,0.6530612244897959,0.1836734693877551,0.19444444444444445,0.6944444444444444,0.1111111111111111
8010,Artés,441,1985,482,441,1847,586,882,3832,1068,5782,2908,2874,0.15254237288135594,0.662746454514009,0.18471117260463507,0.1516506189821183,0.6825997248968363,0.1657496561210454,0.1534446764091858,0.6426583159359778,0.20389700765483645
25033,Artesa de Lleida,88,585,135,88,460,169,176,1045,304,1525,808,717,0.11540983606557377,0.6852459016393443,0.19934426229508198,0.10891089108910891,0.724009900990099,0.1670792079207921,0.12273361227336123,0.6415620641562064,0.23570432357043236
25034,Artesa de Segre,245,1186,341,241,1027,401,486,2213,742,3441,1772,1669,0.14123801220575413,0.6431269979657076,0.2156349898285382,0.13826185101580135,0.6693002257336343,0.19243792325056433,0.14439784301977232,0.6153385260635111,0.2402636309167166
43019,Ascó,101,517,202,95,483,213,196,1000,415,1611,820,791,0.12166356300434512,0.6207324643078833,0.2576039726877716,0.12317073170731707,0.6304878048780488,0.24634146341463414,0.12010113780025285,0.6106194690265486,0.2692793931731985
25036,Aspa,10,60,33,11,57,36,21,117,69,207,103,104,0.10144927536231885,0.5652173913043478,0.3333333333333333,0.0970873786407767,0.5825242718446602,0.32038834951456313,0.10576923076923077,0.5480769230769231,0.34615384615384615
25037,"Avellanes i Santa Linya, les",23,146,81,30,99,68,53,245,149,447,250,197,0.1185682326621924,0.5480984340044742,0.3333333333333333,0.092,0.584,0.324,0.15228426395939088,0.5025380710659898,0.34517766497461927
8011,Avià,172,709,219,149,706,244,321,1415,463,2199,1100,1099,0.14597544338335608,0.6434743065029559,0.21055025011368805,0.15636363636363637,0.6445454545454545,0.1990909090909091,0.13557779799818018,0.6424021838034577,0.22202001819836215
8012,Avinyó,173,766,209,153,695,290,326,1461,499,2286,1148,1138,0.1426071741032371,0.6391076115485564,0.21828521434820647,0.15069686411149827,0.6672473867595818,0.18205574912891986,0.1344463971880492,0.6107205623901582,0.2548330404217926
17012,Avinyonet de Puigventós,141,590,94,143,587,102,284,1177,196,1657,825,832,0.17139408569704284,0.7103198551599276,0.11828605914302957,0.1709090909090909,0.7151515151515152,0.11393939393939394,0.171875,0.7055288461538461,0.12259615384615384
8013,Avinyonet del Penedès,96,642,168,106,512,177,202,1154,345,1701,906,795,0.11875367430922987,0.678424456202234,0.20282186948853614,0.10596026490066225,0.7086092715231788,0.18543046357615894,0.13333333333333333,0.6440251572327044,0.22264150943396227
8015,Badalona,17330,74109,18562,16205,72395,24405,33535,146504,42967,223006,110001,113005,0.15037711989811933,0.6569509340555859,0.19267194604629473,0.15754402232706977,0.6737120571631167,0.16874392050981354,0.1434007344807752,0.6406353701163665,0.2159638954028583
8904,Badia del Vallès,973,4333,1167,944,4134,1677,1917,8467,2844,13228,6473,6755,0.14491986694889628,0.6400816449954642,0.21499848805563956,0.15031670013903908,0.6693959524177352,0.18028734744322572,0.1397483345669874,0.6119911176905996,0.24826054774241302
8016,Bagà,110,694,261,112,649,319,222,1343,580,2145,1065,1080,0.1034965034965035,0.6261072261072261,0.2703962703962704,0.10328638497652583,0.6516431924882629,0.24507042253521127,0.1037037037037037,0.600925925925926,0.2953703703703704
25039,Baix Pallars,20,122,42,15,98,45,35,220,87,342,184,158,0.1023391812865497,0.6432748538011696,0.2543859649122807,0.10869565217391304,0.6630434782608695,0.22826086956521738,0.0949367088607595,0.620253164556962,0.2848101265822785
25040,Balaguer,1502,6128,1288,1404,5325,1762,2906,11453,3050,17409,8918,8491,0.16692515365615487,0.657878109024068,0.17519673731977714,0.1684234133213725,0.6871495851087688,0.14442700156985872,0.16535154869862206,0.6271346131197739,0.20751383818160404
8017,Balenyà,312,1349,295,273,1300,371,585,2649,666,3900,1956,1944,0.15,0.6792307692307692,0.17076923076923076,0.15950920245398773,0.6896728016359919,0.15081799591002046,0.1404320987654321,0.668724279835391,0.19084362139917696
8018,Balsareny,198,1125,309,208,1004,434,406,2129,743,3278,1632,1646,0.12385600976205004,0.6494813910921293,0.22666259914582063,0.1213235294117647,0.6893382352941176,0.18933823529411764,0.12636695018226002,0.6099635479951397,0.26366950182260024
43020,Banyeres del Penedès,285,1108,266,278,1050,293,563,2158,559,3280,1659,1621,0.17164634146341465,0.6579268292682927,0.1704268292682927,0.1717902350813743,0.6678722121760097,0.16033755274261605,0.1714990746452807,0.6477483035163479,0.18075262183837137
17015,Banyoles,1821,6705,1514,1653,6464,2011,3474,13169,3525,20168,10040,10128,0.17225307417691393,0.6529650932169774,0.1747818326061087,0.18137450199203187,0.6678286852589641,0.15079681274900397,0.16321090047393366,0.6382306477093207,0.19855845181674567
25041,Barbens,59,362,97,60,246,119,119,608,216,943,518,425,0.1261930010604454,0.6447507953340403,0.22905620360551432,0.1138996138996139,0.6988416988416989,0.18725868725868725,0.1411764705882353,0.5788235294117647,0.28
43021,Barberà de la Conca,30,181,51,31,117,62,61,298,113,472,262,210,0.1292372881355932,0.6313559322033898,0.23940677966101695,0.11450381679389313,0.6908396946564885,0.1946564885496183,0.14761904761904762,0.5571428571428572,0.29523809523809524
8252,Barberà del Vallès,2737,10930,2570,2636,10885,3258,5373,21815,5828,33016,16237,16779,0.16273927792585413,0.6607402471528956,0.1765204749212503,0.16856562172815176,0.6731539077415779,0.15828047053027036,0.1571011383276715,0.6487275761368377,0.1941712855354908
8019,Barcelona,101227,538081,139436,95845,552841,209302,197072,1090922,348738,1636732,778744,857988,0.12040578420902139,0.6665245134817429,0.21306970230923572,0.12998751836290232,0.6909600587612874,0.17905242287581027,0.11170902157139727,0.6443458416667832,0.2439451367618195
25042,"Baronia de Rialb, la",6,75,37,11,65,35,17,140,72,229,118,111,0.07423580786026202,0.611353711790393,0.314410480349345,0.05084745762711865,0.635593220338983,0.3135593220338983,0.0990990990990991,0.5855855855855856,0.3153153153153153
17016,Bàscara,78,354,91,73,297,122,151,651,213,1015,523,492,0.14876847290640394,0.6413793103448275,0.20985221674876847,0.1491395793499044,0.6768642447418738,0.1739961759082218,0.1483739837398374,0.6036585365853658,0.24796747967479674
25044,Bassella,15,74,30,7,67,31,22,141,61,224,119,105,0.09821428571428571,0.6294642857142857,0.27232142857142855,0.12605042016806722,0.6218487394957983,0.25210084033613445,0.06666666666666667,0.638095238095238,0.29523809523809524
43022,Batea,137,546,254,127,511,304,264,1057,558,1879,937,942,0.14050026609898883,0.562533262373603,0.2969664715274082,0.14621131270010673,0.5827107790821772,0.2710779082177161,0.13481953290870488,0.5424628450106157,0.3227176220806794
25045,Bausen,0,20,14,2,19,11,2,39,25,66,34,32,0.030303030303030304,0.5909090909090909,0.3787878787878788,0.0,0.5882352941176471,0.4117647058823529,0.0625,0.59375,0.34375
8020,Begues,669,2538,478,642,2480,549,1311,5018,1027,7356,3685,3671,0.17822185970636215,0.6821642196846112,0.13961392060902664,0.18154681139755766,0.6887381275440977,0.12971506105834463,0.1748842277308635,0.6755652410787252,0.14955053119041134
17013,Begur,232,1359,429,235,1323,461,467,2682,890,4039,2020,2019,0.11562267888091111,0.6640257489477593,0.22035157217132953,0.11485148514851486,0.6727722772277228,0.21237623762376237,0.11639425458147598,0.6552748885586924,0.2283308568598316
25046,Belianes,25,147,85,24,159,81,49,306,166,521,257,264,0.09404990403071017,0.5873320537428023,0.31861804222648754,0.09727626459143969,0.5719844357976653,0.33073929961089493,0.09090909090909091,0.6022727272727273,0.3068181818181818
25170,Bellaguarda,13,103,38,9,80,49,22,183,87,292,154,138,0.07534246575342465,0.6267123287671232,0.2979452054794521,0.08441558441558442,0.6688311688311688,0.24675324675324675,0.06521739130434782,0.5797101449275363,0.35507246376811596
17018,Bellcaire d'Empordà,48,210,72,54,225,90,102,435,162,699,330,369,0.1459227467811159,0.6223175965665236,0.2317596566523605,0.14545454545454545,0.6363636363636364,0.21818181818181817,0.14634146341463414,0.6097560975609756,0.24390243902439024
25047,Bellcaire d'Urgell,75,408,146,70,347,179,145,755,325,1225,629,596,0.11836734693877551,0.6163265306122448,0.2653061224489796,0.1192368839427663,0.6486486486486487,0.23211446740858505,0.1174496644295302,0.5822147651006712,0.30033557046979864
25048,Bell-lloc d'Urgell,157,782,216,173,734,267,330,1516,483,2329,1155,1174,0.14169171318162302,0.6509231429798197,0.20738514383855733,0.13593073593073593,0.677056277056277,0.18701298701298702,0.14735945485519591,0.6252129471890971,0.227427597955707
25049,Bellmunt d'Urgell,11,62,17,9,54,29,20,116,46,182,90,92,0.10989010989010989,0.6373626373626373,0.25274725274725274,0.12222222222222222,0.6888888888888889,0.18888888888888888,0.09782608695652174,0.5869565217391305,0.31521739130434784
43023,Bellmunt del Priorat,17,94,32,11,81,46,28,175,78,281,143,138,0.099644128113879,0.6227758007117438,0.2775800711743772,0.11888111888111888,0.6573426573426573,0.22377622377622378,0.07971014492753623,0.5869565217391305,0.3333333333333333
8021,Bellprat,4,28,14,1,16,10,5,44,24,73,46,27,0.0684931506849315,0.6027397260273972,0.3287671232876712,0.08695652173913043,0.6086956521739131,0.30434782608695654,0.037037037037037035,0.5925925925925926,0.37037037037037035
25050,Bellpuig,370,1951,416,400,1476,538,770,3427,954,5151,2737,2414,0.14948553678897303,0.6653077072413124,0.18520675596971461,0.1351845085860431,0.7128242601388382,0.15199123127511874,0.16570008285004142,0.6114333057166529,0.22286661143330572
43024,Bellvei,193,794,196,192,723,205,385,1517,401,2303,1183,1120,0.16717325227963525,0.6587060356057316,0.1741207121146331,0.16314454775993237,0.6711749788672866,0.16568047337278108,0.17142857142857143,0.6455357142857143,0.18303571428571427
25051,Bellver de Cerdanya,163,727,216,134,661,234,297,1388,450,2135,1106,1029,0.13911007025761124,0.6501170960187354,0.2107728337236534,0.14737793851717904,0.6573236889692586,0.19529837251356238,0.13022351797862003,0.6423712342079689,0.22740524781341107
25052,Bellvís,162,758,233,135,648,322,297,1406,555,2258,1153,1105,0.13153232949512844,0.6226749335695305,0.245792736935341,0.14050303555941024,0.6574154379878577,0.202081526452732,0.12217194570135746,0.5864253393665159,0.2914027149321267
25053,Benavent de Segrià,102,594,114,107,491,125,209,1085,239,1533,810,723,0.13633398564905413,0.7077625570776256,0.15590345727332028,0.1259259259259259,0.7333333333333333,0.14074074074074075,0.1479944674965422,0.6791147994467497,0.17289073305670816
43025,Benifallet,30,227,101,28,213,142,58,440,243,741,358,383,0.07827260458839407,0.5937921727395412,0.32793522267206476,0.08379888268156424,0.6340782122905028,0.28212290502793297,0.0731070496083551,0.556135770234987,0.370757180156658
43026,Benissanet,63,423,129,62,304,148,125,727,277,1129,615,514,0.11071744906997343,0.6439326837909655,0.24534986713906112,0.1024390243902439,0.6878048780487804,0.2097560975609756,0.12062256809338522,0.5914396887159533,0.28793774319066145
8022,Berga,1212,5452,1589,1075,5185,2169,2287,10637,3758,16682,8253,8429,0.13709387363625464,0.6376333772928905,0.22527274907085482,0.14685568884042166,0.6606082636616988,0.19253604749787956,0.12753588800569463,0.6151382133111876,0.2573258986831178
17019,Besalú,196,721,258,196,802,329,392,1523,587,2502,1175,1327,0.15667466027178256,0.6087130295763389,0.2346123101518785,0.16680851063829788,0.6136170212765958,0.2195744680851064,0.14770158251695553,0.6043707611152976,0.2479276563677468
17020,Bescanó,496,1696,375,447,1634,446,943,3330,821,5094,2567,2527,0.185119748723989,0.6537102473498233,0.16117000392618766,0.19322165952473705,0.6606934164394235,0.1460849240358395,0.1768895924020578,0.6466165413533834,0.17649386624455876
17021,Beuda,13,70,13,17,62,12,30,132,25,187,96,91,0.16042780748663102,0.7058823529411765,0.13368983957219252,0.13541666666666666,0.7291666666666666,0.13541666666666666,0.18681318681318682,0.6813186813186813,0.13186813186813187
8023,Bigues i Riells del Fai,758,3407,685,755,3159,778,1513,6566,1463,9542,4850,4692,0.15856214630056592,0.6881156990148816,0.15332215468455251,0.15628865979381443,0.7024742268041237,0.14123711340206185,0.16091219096334186,0.6732736572890026,0.1658141517476556
25055,Biosca,4,62,30,7,45,30,11,107,60,178,96,82,0.06179775280898876,0.601123595505618,0.33707865168539325,0.041666666666666664,0.6458333333333334,0.3125,0.08536585365853659,0.5487804878048781,0.36585365853658536
17022,"Bisbal d'Empordà, la",1041,3720,835,938,3591,1065,1979,7311,1900,11190,5596,5594,0.17685433422698837,0.6533512064343163,0.16979445933869527,0.18602573266619013,0.6647605432451751,0.14921372408863473,0.1676796567751162,0.6419377904898105,0.1903825527350733
43027,"Bisbal de Falset, la",16,75,33,7,51,36,23,126,69,218,124,94,0.10550458715596331,0.5779816513761468,0.3165137614678899,0.12903225806451613,0.6048387096774194,0.2661290322580645,0.07446808510638298,0.5425531914893617,0.3829787234042553
43028,"Bisbal del Penedès, la",282,1335,395,249,1185,384,531,2520,779,3830,2012,1818,0.13864229765013056,0.6579634464751958,0.20339425587467364,0.14015904572564614,0.6635188866799204,0.1963220675944334,0.13696369636963696,0.6518151815181518,0.21122112211221122
17234,Biure,18,75,34,11,73,33,29,148,67,244,127,117,0.11885245901639344,0.6065573770491803,0.27459016393442626,0.14173228346456693,0.5905511811023622,0.2677165354330709,0.09401709401709402,0.6239316239316239,0.28205128205128205
43029,Blancafort,20,143,46,23,114,52,43,257,98,398,209,189,0.10804020100502512,0.6457286432160804,0.24623115577889448,0.09569377990430622,0.6842105263157895,0.22009569377990432,0.12169312169312169,0.6031746031746031,0.2751322751322751
17023,Blanes,2802,13800,3452,2619,13261,4340,5421,27061,7792,40274,20054,20220,0.13460296965784377,0.6719223320256245,0.19347469831653175,0.13972274857883715,0.6881420165553007,0.17213523486586219,0.12952522255192878,0.655835806132542,0.21463897131552917
17029,Boadella i les Escaules,14,88,36,16,85,32,30,173,68,271,138,133,0.11070110701107011,0.6383763837638377,0.25092250922509224,0.10144927536231885,0.6376811594202898,0.2608695652173913,0.12030075187969924,0.6390977443609023,0.24060150375939848
17024,Bolvir,38,178,40,30,159,44,68,337,84,489,256,233,0.1390593047034765,0.689161554192229,0.17177914110429449,0.1484375,0.6953125,0.15625,0.12875536480686695,0.6824034334763949,0.1888412017167382
43030,Bonastre,66,257,61,60,223,60,126,480,121,727,384,343,0.1733149931224209,0.6602475928473177,0.16643741403026135,0.171875,0.6692708333333334,0.15885416666666666,0.1749271137026239,0.6501457725947521,0.1749271137026239
25057,"Bòrdes, Es",20,112,26,18,85,24,38,197,50,285,158,127,0.13333333333333333,0.6912280701754386,0.17543859649122806,0.12658227848101267,0.7088607594936709,0.16455696202531644,0.14173228346456693,0.6692913385826772,0.1889763779527559
17025,Bordils,147,617,140,146,580,166,293,1197,306,1796,904,892,0.1631403118040089,0.6664810690423163,0.17037861915367483,0.16261061946902655,0.6825221238938053,0.15486725663716813,0.16367713004484305,0.6502242152466368,0.1860986547085202
25058,"Borges Blanques, les",502,2054,611,459,1831,738,961,3885,1349,6195,3167,3028,0.15512510088781276,0.6271186440677966,0.21775625504439064,0.15850963056520367,0.6485633091253552,0.19292706030944112,0.15158520475561427,0.6046895640686922,0.24372523117569353
43031,"Borges del Camp, les",189,713,175,152,635,240,341,1348,415,2104,1077,1027,0.16207224334600762,0.6406844106463878,0.19724334600760457,0.17548746518105848,0.6620241411327762,0.16248839368616527,0.14800389483933787,0.6183057448880234,0.23369036027263876
17026,Borrassà,76,247,65,64,229,71,140,476,136,752,388,364,0.18617021276595744,0.6329787234042553,0.18085106382978725,0.1958762886597938,0.6365979381443299,0.16752577319587628,0.17582417582417584,0.6291208791208791,0.19505494505494506
8024,Borredà,19,178,60,17,116,65,36,294,125,455,257,198,0.07912087912087912,0.6461538461538462,0.27472527472527475,0.07392996108949416,0.6926070038910506,0.23346303501945526,0.08585858585858586,0.5858585858585859,0.3282828282828283
25059,Bossòst,61,395,90,78,377,119,139,772,209,1120,546,574,0.12410714285714286,0.6892857142857143,0.18660714285714286,0.11172161172161173,0.7234432234432234,0.16483516483516483,0.13588850174216027,0.6567944250871081,0.2073170731707317
43032,Bot,27,169,93,24,147,106,51,316,199,566,289,277,0.09010600706713781,0.558303886925795,0.35159010600706714,0.09342560553633218,0.5847750865051903,0.3217993079584775,0.08664259927797834,0.5306859205776173,0.38267148014440433
43033,Botarell,91,400,68,94,359,82,185,759,150,1094,559,535,0.16910420475319926,0.6937842778793418,0.13711151736745886,0.16279069767441862,0.7155635062611807,0.12164579606440072,0.17570093457943925,0.6710280373831776,0.15327102803738318
25056,Bovera,13,89,45,10,56,48,23,145,93,261,147,114,0.08812260536398467,0.5555555555555556,0.3563218390804598,0.08843537414965986,0.6054421768707483,0.30612244897959184,0.08771929824561403,0.49122807017543857,0.42105263157894735
43034,Bràfim,57,226,64,58,202,88,115,428,152,695,347,348,0.16546762589928057,0.6158273381294964,0.218705035971223,0.1642651296829971,0.6512968299711815,0.1844380403458213,0.16666666666666666,0.5804597701149425,0.25287356321839083
17027,Breda,241,1272,381,258,1224,460,499,2496,841,3836,1894,1942,0.13008342022940564,0.6506777893639207,0.21923879040667363,0.12724392819429778,0.6715945089757128,0.20116156282998943,0.13285272914521112,0.6302780638516993,0.2368692070030896
8025,"Bruc, el",195,817,148,175,711,131,370,1528,279,2177,1160,1017,0.16995865870463941,0.7018833256775379,0.1281580156178227,0.16810344827586207,0.7043103448275863,0.12758620689655173,0.1720747295968535,0.6991150442477876,0.1288102261553589
8026,"Brull, el",23,106,20,25,79,22,48,185,42,275,149,126,0.17454545454545456,0.6727272727272727,0.15272727272727274,0.15436241610738255,0.7114093959731543,0.1342281879194631,0.1984126984126984,0.626984126984127,0.1746031746031746
17028,Brunyola i Sant Martí Sapresa,19,134,47,26,116,48,45,250,95,390,200,190,0.11538461538461539,0.6410256410256411,0.24358974358974358,0.095,0.67,0.235,0.1368421052631579,0.6105263157894737,0.25263157894736843
43035,Cabacés,16,108,41,20,81,46,36,189,87,312,165,147,0.11538461538461539,0.6057692307692307,0.27884615384615385,0.09696969696969697,0.6545454545454545,0.24848484848484848,0.1360544217687075,0.5510204081632653,0.3129251700680272
25060,Cabanabona,0,22,6,1,17,14,1,39,20,60,28,32,0.016666666666666666,0.65,0.3333333333333333,0.0,0.7857142857142857,0.21428571428571427,0.03125,0.53125,0.4375
17031,Cabanelles,25,96,27,17,67,34,42,163,61,266,148,118,0.15789473684210525,0.6127819548872181,0.22932330827067668,0.16891891891891891,0.6486486486486487,0.18243243243243243,0.1440677966101695,0.5677966101694916,0.288135593220339
17030,Cabanes,66,331,107,65,274,98,131,605,205,941,504,437,0.1392136025504782,0.6429330499468651,0.21785334750265675,0.13095238095238096,0.6567460317460317,0.2123015873015873,0.14874141876430205,0.6270022883295194,0.2242562929061785
8027,"Cabanyes, les",111,336,68,80,341,69,191,677,137,1005,515,490,0.1900497512437811,0.6736318407960199,0.136318407960199,0.21553398058252426,0.6524271844660194,0.13203883495145632,0.16326530612244897,0.6959183673469388,0.14081632653061224
25061,Cabó,4,32,11,6,25,16,10,57,27,94,47,47,0.10638297872340426,0.6063829787234043,0.2872340425531915,0.0851063829787234,0.6808510638297872,0.23404255319148937,0.1276595744680851,0.5319148936170213,0.3404255319148936
43036,Cabra del Camp,74,459,114,73,392,118,147,851,232,1230,647,583,0.11951219512195121,0.691869918699187,0.1886178861788618,0.1143740340030912,0.7094281298299846,0.17619783616692428,0.12521440823327615,0.6723842195540308,0.20240137221269297
8028,Cabrera d'Anoia,110,574,119,106,504,108,216,1078,227,1521,803,718,0.14201183431952663,0.7087442472057857,0.1492439184746877,0.136986301369863,0.7148194271481942,0.14819427148194272,0.14763231197771587,0.7019498607242339,0.15041782729805014
8029,Cabrera de Mar,355,1610,434,350,1592,446,705,3202,880,4787,2399,2388,0.14727386672237308,0.6688949237518279,0.18383120952579904,0.14797832430179242,0.6711129637348895,0.18090871196331804,0.14656616415410384,0.6666666666666666,0.18676716917922948
8030,Cabrils,612,2563,577,600,2616,599,1212,5179,1176,7567,3752,3815,0.16016915554380864,0.6844191885820008,0.15541165587419056,0.1631130063965885,0.6831023454157783,0.15378464818763327,0.15727391874180865,0.6857142857142857,0.15701179554390562
17032,Cadaqués,177,960,241,172,980,290,349,1940,531,2820,1378,1442,0.12375886524822695,0.6879432624113475,0.18829787234042553,0.12844702467343977,0.6966618287373004,0.1748911465892598,0.11927877947295423,0.6796116504854369,0.20110957004160887
8031,Calaf,327,1150,328,299,1074,419,626,2224,747,3597,1805,1792,0.1740339171531832,0.6182930219627467,0.20767306088407006,0.1811634349030471,0.6371191135734072,0.1817174515235457,0.16685267857142858,0.5993303571428571,0.23381696428571427
43037,Calafell,2130,9499,2651,1952,9168,3063,4082,18667,5714,28463,14280,14183,0.1434142571057162,0.655833889611074,0.20075185328320977,0.14915966386554622,0.6651960784313725,0.18564425770308124,0.13762955651131636,0.6464076711556088,0.21596277233307482
8034,Calders,86,364,89,79,348,97,165,712,186,1063,539,524,0.15522107243650046,0.6698024459078081,0.17497648165569143,0.15955473098330242,0.6753246753246753,0.16512059369202226,0.15076335877862596,0.6641221374045801,0.1851145038167939
8032,Caldes d'Estrac,201,1019,252,199,1053,373,400,2072,625,3097,1472,1625,0.12915724895059735,0.6690345495640942,0.20180820148530837,0.13654891304347827,0.6922554347826086,0.17119565217391305,0.12246153846153846,0.648,0.22953846153846155
17033,Caldes de Malavella,690,2714,620,650,2643,734,1340,5357,1354,8051,4024,4027,0.16643895168302075,0.6653831822133897,0.16817786610358962,0.17147117296222664,0.6744532803180915,0.1540755467196819,0.16141047926496152,0.6563198410727589,0.1822696796622796
8033,Caldes de Montbui,1408,6017,1425,1267,5821,1859,2675,11838,3284,17797,8850,8947,0.15030623138731247,0.6651682867899084,0.1845254818227791,0.15909604519774012,0.6798870056497175,0.16101694915254236,0.1416117134234939,0.6506091427294065,0.20777914384709958
8035,Calella,1351,6345,1660,1304,6200,2376,2655,12545,4036,19236,9356,9880,0.13802245789145354,0.6521626117695987,0.2098149303389478,0.14439931594698588,0.6781744335185977,0.1774262505344164,0.1319838056680162,0.6275303643724697,0.24048582995951417
8037,Calldetenes,200,859,215,196,799,235,396,1658,450,2504,1274,1230,0.15814696485623003,0.6621405750798722,0.17971246006389777,0.15698587127158556,0.67425431711146,0.16875981161695447,0.15934959349593497,0.6495934959349593,0.1910569105691057
8038,Callús,175,717,144,176,662,224,351,1379,368,2098,1036,1062,0.167302192564347,0.6572926596758818,0.1754051477597712,0.16891891891891891,0.6920849420849421,0.138996138996139,0.1657250470809793,0.623352165725047,0.21092278719397364
8036,Calonge de Segarra,9,68,18,12,50,37,21,118,55,194,95,99,0.10824742268041238,0.6082474226804123,0.28350515463917525,0.09473684210526316,0.7157894736842105,0.18947368421052632,0.12121212121212122,0.5050505050505051,0.37373737373737376
17034,Calonge i Sant Antoni,847,3808,1107,737,3742,1243,1584,7550,2350,11484,5762,5722,0.13793103448275862,0.6574364332985022,0.20463253221873912,0.1469975702880944,0.6608816383200278,0.19212079139187782,0.12880111849003845,0.6539671443551206,0.21723173715484095
25062,Camarasa,46,248,114,39,220,140,85,468,254,807,408,399,0.10532837670384139,0.5799256505576208,0.31474597273853777,0.11274509803921569,0.6078431372549019,0.27941176470588236,0.09774436090225563,0.5513784461152882,0.3508771929824561
43903,Camarles,248,1047,352,182,957,434,430,2004,786,3220,1647,1573,0.13354037267080746,0.622360248447205,0.24409937888198757,0.15057680631451123,0.6357012750455373,0.21372191863995144,0.11570247933884298,0.6083916083916084,0.27590591226954864
43038,Cambrils,3031,11518,2601,2786,11863,3265,5817,23381,5866,35064,17150,17914,0.16589664613278576,0.6668092630618297,0.16729409080538443,0.17673469387755103,0.6716034985422741,0.15166180758017492,0.15552082170369544,0.6622194931338617,0.18225968516244279
17035,Camós,53,225,76,43,211,103,96,436,179,711,354,357,0.1350210970464135,0.6132208157524613,0.2517580872011252,0.1497175141242938,0.635593220338983,0.21468926553672316,0.12044817927170869,0.5910364145658263,0.28851540616246496
17036,Campdevànol,200,993,374,196,964,498,396,1957,872,3225,1567,1658,0.12279069767441861,0.6068217054263566,0.2703875968992248,0.1276324186343331,0.6336949585194639,0.23867262284620294,0.11821471652593486,0.5814234016887817,0.30036188178528345
17037,Campelles,7,50,19,9,44,20,16,94,39,149,76,73,0.10738255033557047,0.6308724832214765,0.26174496644295303,0.09210526315789473,0.6578947368421053,0.25,0.1232876712328767,0.6027397260273972,0.273972602739726
8039,Campins,26,204,47,43,180,40,69,384,87,540,277,263,0.12777777777777777,0.7111111111111111,0.16111111111111112,0.09386281588447654,0.7364620938628159,0.16967509025270758,0.1634980988593156,0.6844106463878327,0.1520912547528517
17038,Campllong,51,188,25,55,177,37,106,365,62,533,264,269,0.19887429643527205,0.6848030018761726,0.11632270168855535,0.19318181818181818,0.7121212121212122,0.0946969696969697,0.20446096654275092,0.6579925650557621,0.137546468401487
17039,Camprodon,154,752,287,142,750,350,296,1502,637,2435,1193,1242,0.1215605749486653,0.6168377823408624,0.26160164271047226,0.12908633696563285,0.6303436714165969,0.24056999161777032,0.1143317230273752,0.6038647342995169,0.28180354267310787
25063,Canejan,2,28,15,5,31,8,7,59,23,89,45,44,0.07865168539325842,0.6629213483146067,0.25842696629213485,0.044444444444444446,0.6222222222222222,0.3333333333333333,0.11363636363636363,0.7045454545454546,0.18181818181818182
17040,Canet d'Adri,63,247,77,54,228,80,117,475,157,749,387,362,0.15620827770360482,0.6341789052069426,0.2096128170894526,0.16279069767441862,0.6382428940568475,0.19896640826873385,0.14917127071823205,0.6298342541436464,0.22099447513812154
8040,Canet de Mar,1119,4756,1352,1002,4753,1828,2121,9509,3180,14810,7227,7583,0.14321404456448344,0.6420661715057394,0.21471978392977717,0.15483603154836031,0.6580877265808772,0.1870762418707624,0.1321376763813794,0.626796782276144,0.2410655413424766
43907,"Canonja, la",511,1956,425,496,2018,527,1007,3974,952,5933,2892,3041,0.16972863644024946,0.6698129108376875,0.16045845272206305,0.17669432918395575,0.6763485477178424,0.14695712309820194,0.16310424202564947,0.663597500822098,0.17329825715225256
8041,Canovelles,1567,5982,1204,1405,5247,1467,2972,11229,2671,16872,8753,8119,0.17614983404457088,0.6655405405405406,0.15830962541488858,0.17902433451388094,0.6834228264594996,0.13755283902661944,0.1730508683335386,0.64626185490824,0.18068727675822147
8042,Cànoves i Samalús,272,1101,269,254,1043,280,526,2144,549,3219,1642,1577,0.16340478409443926,0.6660453557005281,0.17054986020503263,0.1656516443361754,0.6705237515225335,0.1638246041412911,0.16106531388712747,0.6613823715916297,0.17755231452124287
17041,Cantallops,16,95,43,20,84,47,36,179,90,305,154,151,0.1180327868852459,0.5868852459016394,0.29508196721311475,0.1038961038961039,0.6168831168831169,0.2792207792207792,0.13245033112582782,0.5562913907284768,0.31125827814569534
8043,Canyelles,386,1772,375,353,1625,375,739,3397,750,4886,2533,2353,0.15124846500204667,0.6952517396643472,0.15349979533360622,0.15238847216739046,0.6995657323332017,0.14804579549940783,0.15002124946876327,0.6906077348066298,0.15937101572460688
43039,Capafonts,3,46,19,6,37,14,9,83,33,125,68,57,0.072,0.664,0.264,0.04411764705882353,0.6764705882352942,0.27941176470588236,0.10526315789473684,0.6491228070175439,0.24561403508771928
43040,Capçanes,18,124,58,23,111,60,41,235,118,394,200,194,0.10406091370558376,0.5964467005076142,0.29949238578680204,0.09,0.62,0.29,0.11855670103092783,0.5721649484536082,0.30927835051546393
8044,Capellades,384,1768,495,371,1663,633,755,3431,1128,5314,2647,2667,0.14207753105005647,0.6456529920963493,0.2122694768535943,0.14506989044200982,0.6679259539100869,0.1870041556479033,0.13910761154855644,0.6235470566179228,0.2373453318335208
17042,Capmany,38,202,73,36,194,75,74,396,148,618,313,305,0.11974110032362459,0.6407766990291263,0.23948220064724918,0.12140575079872204,0.645367412140575,0.23322683706070288,0.1180327868852459,0.6360655737704918,0.2459016393442623
8045,Capolat,10,23,7,7,30,7,17,53,14,84,40,44,0.20238095238095238,0.6309523809523809,0.16666666666666666,0.25,0.575,0.175,0.1590909090909091,0.6818181818181818,0.1590909090909091
8046,Cardedeu,1604,6155,1307,1589,6214,1740,3193,12369,3047,18609,9066,9543,0.17158364232360684,0.6646783814283411,0.16373797624805203,0.17692477388043237,0.6789102139863226,0.1441650121332451,0.1665094833909672,0.6511579167976528,0.18233259981138006
8047,Cardona,279,1423,554,294,1330,713,573,2753,1267,4593,2256,2337,0.1247550620509471,0.599390376660135,0.27585456128891794,0.12367021276595745,0.6307624113475178,0.24556737588652483,0.1258023106546855,0.5691056910569106,0.30509199828840394
8048,Carme,47,263,87,56,219,96,103,482,183,768,397,371,0.13411458333333334,0.6276041666666666,0.23828125,0.11838790931989925,0.6624685138539043,0.21914357682619648,0.1509433962264151,0.5902964959568733,0.2587601078167116
43041,Caseres,7,63,46,10,56,44,17,119,90,226,116,110,0.0752212389380531,0.5265486725663717,0.39823008849557523,0.0603448275862069,0.5431034482758621,0.39655172413793105,0.09090909090909091,0.509090909090909,0.4
17044,Cassà de la Selva,906,3678,762,878,3308,973,1784,6986,1735,10505,5346,5159,0.1698238933841028,0.6650166587339362,0.16515944788196096,0.16947250280583614,0.6879910213243546,0.1425364758698092,0.17018802093428959,0.6412095367319248,0.18860244233378562
8049,Casserres,114,501,197,116,469,239,230,970,436,1636,812,824,0.14058679706601468,0.5929095354523227,0.2665036674816626,0.14039408866995073,0.6169950738916257,0.24261083743842365,0.1407766990291262,0.5691747572815534,0.29004854368932037
8057,Castell de l'Areny,5,26,9,1,27,4,6,53,13,72,40,32,0.08333333333333333,0.7361111111111112,0.18055555555555555,0.125,0.65,0.225,0.03125,0.84375,0.125
25904,Castell de Mur,8,60,29,5,42,25,13,102,54,169,97,72,0.07692307692307693,0.6035502958579881,0.31952662721893493,0.08247422680412371,0.6185567010309279,0.29896907216494845,0.06944444444444445,0.5833333333333334,0.3472222222222222
25064,Castellar de la Ribera,18,36,14,10,41,17,28,77,31,136,68,68,0.20588235294117646,0.5661764705882353,0.22794117647058823,0.2647058823529412,0.5294117647058824,0.20588235294117646,0.14705882352941177,0.6029411764705882,0.25
8052,Castellar de n'Hug,4,67,16,6,49,25,10,116,41,167,87,80,0.059880239520958084,0.6946107784431138,0.24550898203592814,0.04597701149425287,0.7701149425287356,0.1839080459770115,0.075,0.6125,0.3125
8050,Castellar del Riu,18,58,22,11,49,13,29,107,35,171,98,73,0.1695906432748538,0.6257309941520468,0.2046783625730994,0.1836734693877551,0.5918367346938775,0.22448979591836735,0.1506849315068493,0.6712328767123288,0.1780821917808219
8051,Castellar del Vallès,2020,8288,1884,1824,8306,2337,3844,16594,4221,24659,12192,12467,0.15588628898171053,0.6729388864106411,0.17117482460764832,0.16568241469816272,0.6797900262467191,0.1545275590551181,0.14630624849602952,0.6662388706184327,0.18745488088553783
8053,Castellbell i el Vilar,261,1383,341,282,1203,383,543,2586,724,3853,1985,1868,0.14092914611990656,0.671165325720218,0.18790552815987543,0.13148614609571788,0.6967254408060454,0.17178841309823678,0.15096359743040685,0.6440042826552462,0.2050321199143469
8054,Castellbisbal,1100,4457,791,1041,4283,938,2141,8740,1729,12610,6348,6262,0.16978588421887392,0.6931007137192704,0.13711340206185568,0.17328292375551355,0.7021109010712036,0.12460617517328293,0.1662408176301501,0.6839667837751517,0.14979239859469817
8055,Castellcir,60,272,60,69,244,48,129,516,108,753,392,361,0.17131474103585656,0.6852589641434262,0.14342629482071714,0.15306122448979592,0.6938775510204082,0.15306122448979592,0.19113573407202217,0.6759002770083102,0.1329639889196676
25067,Castelldans,51,326,104,52,251,116,103,577,220,900,481,419,0.11444444444444445,0.6411111111111111,0.24444444444444444,0.10602910602910603,0.6777546777546778,0.21621621621621623,0.12410501193317422,0.5990453460620525,0.27684964200477324
8056,Castelldefels,5373,23163,4394,5019,23355,5922,10392,46518,10316,67226,32930,34296,0.15458304822538899,0.6919644185285455,0.1534525332460655,0.16316428788338902,0.7034011539629517,0.1334345581536593,0.14634359692092372,0.6809832050384884,0.1726731980405878
8058,Castellet i la Gornal,173,870,235,179,747,248,352,1617,483,2452,1278,1174,0.14355628058727568,0.6594616639477977,0.1969820554649266,0.13536776212832552,0.6807511737089202,0.1838810641627543,0.1524701873935264,0.6362862010221465,0.21124361158432708
17046,Castellfollit de la Roca,74,306,106,49,271,133,123,577,239,939,486,453,0.13099041533546327,0.6144834930777423,0.25452609158679446,0.1522633744855967,0.6296296296296297,0.21810699588477367,0.10816777041942605,0.5982339955849889,0.293598233995585
8060,Castellfollit de Riubregós,7,60,21,8,41,26,15,101,47,163,88,75,0.09202453987730061,0.6196319018404908,0.2883435582822086,0.07954545454545454,0.6818181818181818,0.23863636363636365,0.10666666666666667,0.5466666666666666,0.3466666666666667
8059,Castellfollit del Boix,37,152,44,32,132,51,69,284,95,448,233,215,0.15401785714285715,0.6339285714285714,0.21205357142857142,0.15879828326180256,0.6523605150214592,0.1888412017167382,0.14883720930232558,0.6139534883720931,0.2372093023255814
8061,Castellgalí,193,746,204,174,655,207,367,1401,411,2179,1143,1036,0.16842588343276732,0.6429554841670491,0.18861863240018356,0.16885389326334208,0.652668416447944,0.1784776902887139,0.16795366795366795,0.6322393822393823,0.1998069498069498
8062,Castellnou de Bages,131,530,91,125,446,97,256,976,188,1420,752,668,0.18028169014084508,0.6873239436619718,0.1323943661971831,0.17420212765957446,0.7047872340425532,0.12101063829787234,0.18712574850299402,0.6676646706586826,0.14520958083832336
25068,Castellnou de Seana,51,221,87,49,180,104,100,401,191,692,359,333,0.14450867052023122,0.5794797687861272,0.27601156069364163,0.14206128133704735,0.6155988857938719,0.24233983286908078,0.14714714714714713,0.5405405405405406,0.3123123123123123
17047,Castelló d'Empúries,862,3757,1010,854,3593,1078,1716,7350,2088,11154,5629,5525,0.15384615384615385,0.6589564281871975,0.18719741796664874,0.15313554805471666,0.6674364896073903,0.17942796233789304,0.15457013574660633,0.650316742081448,0.1951131221719457
25069,Castelló de Farfanya,34,186,67,32,137,73,66,323,140,529,287,242,0.12476370510396975,0.610586011342155,0.2646502835538752,0.11846689895470383,0.6480836236933798,0.23344947735191637,0.1322314049586777,0.5661157024793388,0.30165289256198347
8063,Castellolí,43,223,51,77,207,52,120,430,103,653,317,336,0.18376722817764166,0.6584992343032159,0.15773353751914243,0.13564668769716087,0.7034700315457413,0.1608832807570978,0.22916666666666666,0.6160714285714286,0.15476190476190477
17048,Castell-Platja d'Aro,795,3824,1035,763,3822,1216,1558,7646,2251,11455,5654,5801,0.13601047577477085,0.6674814491488433,0.19650807507638585,0.14060841881853556,0.6763353378139371,0.1830562433675274,0.13152904671608343,0.6588519220823996,0.20961903120151698
25070,Castellserà,58,315,125,56,265,157,114,580,282,976,498,478,0.1168032786885246,0.5942622950819673,0.2889344262295082,0.11646586345381527,0.6325301204819277,0.25100401606425704,0.11715481171548117,0.5543933054393305,0.3284518828451883
8064,Castellterçol,164,907,262,161,802,336,325,1709,598,2632,1333,1299,0.12348024316109422,0.6493161094224924,0.22720364741641338,0.12303075768942236,0.6804201050262566,0.19654913728432108,0.123941493456505,0.6173979984603541,0.2586605080831409
43042,Castellvell del Camp,224,994,223,202,1005,225,426,1999,448,2873,1441,1432,0.14827706230421162,0.6957883745214062,0.15593456317438217,0.1554476058292852,0.6897987508674531,0.15475364330326163,0.14106145251396648,0.7018156424581006,0.15712290502793297
8065,Castellví de la Marca,104,541,175,96,501,180,200,1042,355,1597,820,777,0.12523481527864747,0.6524733876017533,0.22229179711959926,0.12682926829268293,0.6597560975609756,0.21341463414634146,0.12355212355212356,0.6447876447876448,0.23166023166023167
8066,Castellví de Rosanes,144,708,134,159,672,179,303,1380,313,1996,986,1010,0.15180360721442887,0.6913827655310621,0.156813627254509,0.1460446247464503,0.718052738336714,0.1359026369168357,0.15742574257425743,0.6653465346534654,0.17722772277227722
43043,"Catllar, el",445,1665,357,351,1576,346,796,3241,703,4740,2467,2273,0.1679324894514768,0.6837552742616034,0.14831223628691984,0.18038102959059588,0.674908796108634,0.14471017430077016,0.15442146942366916,0.6933567971843378,0.15222173339199296
25071,Cava,2,20,10,1,7,6,3,27,16,46,32,14,0.06521739130434782,0.5869565217391305,0.34782608695652173,0.0625,0.625,0.3125,0.07142857142857142,0.5,0.42857142857142855
17189,"Cellera de Ter, la",149,608,207,133,625,251,282,1233,458,1973,964,1009,0.1429295489102889,0.6249366447034972,0.2321338063862139,0.1545643153526971,0.6307053941908713,0.21473029045643152,0.13181367690782952,0.6194251734390486,0.2487611496531219
17049,Celrà,571,1956,281,572,1911,315,1143,3867,596,5606,2808,2798,0.20388869068854798,0.6897966464502319,0.10631466286122013,0.20334757834757836,0.6965811965811965,0.10007122507122507,0.20443173695496783,0.6829878484631879,0.11258041458184417
8067,Centelles,597,2527,612,570,2443,846,1167,4970,1458,7595,3736,3859,0.15365371955233706,0.6543778801843319,0.19196840026333115,0.159796573875803,0.6763918629550322,0.16381156316916487,0.1477066597564136,0.6330655610261726,0.21922777921741385
8268,Cercs,78,385,133,63,341,190,141,726,323,1190,596,594,0.11848739495798319,0.6100840336134454,0.2714285714285714,0.13087248322147652,0.6459731543624161,0.2231543624161074,0.10606060606060606,0.5740740740740741,0.31986531986531985
8266,Cerdanyola del Vallès,3995,18889,5027,3663,19169,6474,7658,38058,11501,57217,27911,29306,0.13384134086023386,0.6651519653249909,0.20100669381477532,0.1431335315825302,0.6767582673497904,0.1801082010676794,0.12499146932368799,0.6540981369002935,0.22091039377601857
8068,Cervelló,772,3147,714,713,2991,896,1485,6138,1610,9233,4633,4600,0.16083613126827684,0.6647893425755442,0.17437452615617893,0.16663069285560111,0.6792575005396072,0.1541118066047917,0.155,0.6502173913043479,0.19478260869565217
25072,Cervera,790,3287,686,736,2954,875,1526,6241,1561,9328,4763,4565,0.1635934819897084,0.6690608919382505,0.16734562607204118,0.16586185177409196,0.6901112744068865,0.14402687381902163,0.16122672508214678,0.6470974808324206,0.19167579408543264
25073,Cervià de les Garrigues,33,226,95,33,181,97,66,407,192,665,354,311,0.09924812030075188,0.6120300751879699,0.2887218045112782,0.09322033898305085,0.6384180790960452,0.268361581920904,0.10610932475884244,0.5819935691318328,0.31189710610932475
17050,Cervià de Ter,95,313,90,74,313,88,169,626,178,973,498,475,0.1736896197327852,0.6433710174717369,0.1829393627954779,0.19076305220883535,0.6285140562248996,0.18072289156626506,0.15578947368421053,0.6589473684210526,0.18526315789473685
17051,Cistella,15,92,30,19,92,34,34,184,64,282,137,145,0.12056737588652482,0.6524822695035462,0.22695035460992907,0.10948905109489052,0.6715328467153284,0.21897810218978103,0.1310344827586207,0.6344827586206897,0.23448275862068965
25074,Ciutadilla,10,66,28,9,56,33,19,122,61,202,104,98,0.09405940594059406,0.6039603960396039,0.30198019801980197,0.09615384615384616,0.6346153846153846,0.2692307692307692,0.09183673469387756,0.5714285714285714,0.336734693877551
25075,Clariana de Cardener,15,52,16,7,54,14,22,106,30,158,83,75,0.13924050632911392,0.6708860759493671,0.189873417721519,0.18072289156626506,0.6265060240963856,0.1927710843373494,0.09333333333333334,0.72,0.18666666666666668
25076,"Cogul, el",5,48,28,2,34,26,7,82,54,143,81,62,0.04895104895104895,0.5734265734265734,0.3776223776223776,0.06172839506172839,0.5925925925925926,0.345679012345679,0.03225806451612903,0.5483870967741935,0.41935483870967744
17054,Colera,14,144,71,23,136,74,37,280,145,462,229,233,0.08008658008658008,0.6060606060606061,0.31385281385281383,0.0611353711790393,0.62882096069869,0.31004366812227074,0.09871244635193133,0.5836909871244635,0.31759656652360513
25077,Coll de Nargó,29,170,81,29,163,76,58,333,157,548,280,268,0.10583941605839416,0.6076642335766423,0.2864963503649635,0.10357142857142858,0.6071428571428571,0.2892857142857143,0.10820895522388059,0.6082089552238806,0.2835820895522388
8069,Collbató,424,1685,305,356,1544,341,780,3229,646,4655,2414,2241,0.16756176154672395,0.6936627282491944,0.13877551020408163,0.1756420878210439,0.6980115990057995,0.1263463131731566,0.15885765283355643,0.6889781347612673,0.15216421240517625
43045,Colldejou,13,61,19,8,43,23,21,104,42,167,93,74,0.12574850299401197,0.6227544910179641,0.25149700598802394,0.13978494623655913,0.6559139784946236,0.20430107526881722,0.10810810810810811,0.581081081081081,0.3108108108108108
8070,Collsuspina,38,117,38,42,115,37,80,232,75,387,193,194,0.20671834625322996,0.599483204134367,0.1937984496124031,0.19689119170984457,0.6062176165803109,0.19689119170984457,0.21649484536082475,0.5927835051546392,0.19072164948453607
17055,Colomers,9,59,24,10,59,27,19,118,51,188,92,96,0.10106382978723404,0.6276595744680851,0.2712765957446808,0.09782608695652174,0.6413043478260869,0.2608695652173913,0.10416666666666667,0.6145833333333334,0.28125
25163,"Coma i la Pedra, la",15,117,30,10,76,29,25,193,59,277,162,115,0.09025270758122744,0.6967509025270758,0.21299638989169675,0.09259259259259259,0.7222222222222222,0.18518518518518517,0.08695652173913043,0.6608695652173913,0.25217391304347825
25161,Conca de Dalt,23,123,69,28,115,63,51,238,132,421,215,206,0.12114014251781473,0.5653206650831354,0.31353919239904987,0.10697674418604651,0.5720930232558139,0.3209302325581395,0.13592233009708737,0.558252427184466,0.3058252427184466
43046,Conesa,5,33,14,3,32,19,8,65,33,106,52,54,0.07547169811320754,0.6132075471698113,0.3113207547169811,0.09615384615384616,0.6346153846153846,0.2692307692307692,0.05555555555555555,0.5925925925925926,0.35185185185185186
43047,Constantí,654,2338,478,599,2126,529,1253,4464,1007,6724,3470,3254,0.18634741225461035,0.6638905413444378,0.1497620464009518,0.18847262247838617,0.6737752161383286,0.1377521613832853,0.18408113091579595,0.6533497234173326,0.16256914566687156
8071,Copons,27,97,34,31,92,41,58,189,75,322,158,164,0.18012422360248448,0.5869565217391305,0.2329192546583851,0.17088607594936708,0.6139240506329114,0.21518987341772153,0.18902439024390244,0.5609756097560976,0.25
43048,Corbera d'Ebre,58,327,125,44,280,147,102,607,272,981,510,471,0.10397553516819572,0.6187563710499491,0.27726809378185524,0.11372549019607843,0.6411764705882353,0.24509803921568626,0.09341825902335456,0.5944798301486199,0.31210191082802546
8072,Corbera de Llobregat,1233,5334,965,1144,5129,1212,2377,10463,2177,15017,7532,7485,0.15828727442232138,0.696743690484118,0.14496903509356063,0.16370154009559215,0.70817843866171,0.12812002124269783,0.1528390113560454,0.6852371409485638,0.16192384769539078
25078,Corbins,116,599,124,103,393,164,219,992,288,1499,839,660,0.14609739826551035,0.6617745163442295,0.19212808539026016,0.13825983313468415,0.7139451728247914,0.14779499404052443,0.15606060606060607,0.5954545454545455,0.24848484848484848
17057,Corçà,117,393,145,83,386,151,200,779,296,1275,655,620,0.1568627450980392,0.6109803921568627,0.23215686274509803,0.17862595419847327,0.6,0.22137404580152673,0.1338709677419355,0.6225806451612903,0.2435483870967742
8073,Cornellà de Llobregat,6432,29455,7447,6196,29338,10432,12628,58793,17879,89300,43334,45966,0.14141097424412094,0.6583762597984323,0.2002127659574468,0.14842848571560438,0.6797203119952001,0.17185120228919554,0.13479528347039116,0.6382543619196798,0.22695035460992907
17056,Cornellà del Terri,202,790,235,187,769,239,389,1559,474,2422,1227,1195,0.1606110652353427,0.643682906688687,0.19570602807597026,0.16462917685411574,0.6438467807660961,0.1915240423797881,0.15648535564853555,0.6435146443514644,0.2
43049,Cornudella de Montsant,47,364,98,48,288,120,95,652,218,965,509,456,0.09844559585492228,0.6756476683937824,0.22590673575129533,0.09233791748526522,0.7151277013752456,0.1925343811394892,0.10526315789473684,0.631578947368421,0.2631578947368421
43050,Creixell,278,1262,430,284,1169,489,562,2431,919,3912,1970,1942,0.14366053169734153,0.6214212678936605,0.23491820040899797,0.14111675126903553,0.6406091370558376,0.2182741116751269,0.1462409886714727,0.601956745623069,0.2518022657054583
17058,Crespià,17,97,24,18,81,33,35,178,57,270,138,132,0.12962962962962962,0.6592592592592592,0.2111111111111111,0.12318840579710146,0.7028985507246377,0.17391304347826086,0.13636363636363635,0.6136363636363636,0.25
17901,"Cruïlles, Monells i Sant Sadurní de l'Heura",95,444,125,87,440,136,182,884,261,1327,664,663,0.13715146948003015,0.6661642803315749,0.1966842501883949,0.1430722891566265,0.6686746987951807,0.18825301204819278,0.13122171945701358,0.6636500754147813,0.20512820512820512
8074,Cubelles,1327,5419,1327,1202,5273,1503,2529,10692,2830,16051,8073,7978,0.15756027661827923,0.6661267210765685,0.17631300230515232,0.16437507741855567,0.6712498451628887,0.16437507741855567,0.15066432689897216,0.6609425921283529,0.18839308097267485
25079,Cubells,15,118,49,19,103,53,34,221,102,357,182,175,0.09523809523809523,0.6190476190476191,0.2857142857142857,0.08241758241758242,0.6483516483516484,0.2692307692307692,0.10857142857142857,0.5885714285714285,0.3028571428571429
43051,Cunit,1046,4480,1430,1018,4429,1678,2064,8909,3108,14081,6956,7125,0.1465804985441375,0.6326965414388183,0.22072296001704425,0.1503737780333525,0.6440483036227717,0.2055779183438758,0.14287719298245613,0.6216140350877193,0.23550877192982456
17060,Darnius,24,181,69,31,158,77,55,339,146,540,274,266,0.10185185185185185,0.6277777777777778,0.27037037037037037,0.08759124087591241,0.6605839416058394,0.2518248175182482,0.11654135338345864,0.5939849624060151,0.2894736842105263
17061,Das,20,89,20,28,70,21,48,159,41,248,129,119,0.1935483870967742,0.6411290322580645,0.16532258064516128,0.15503875968992248,0.689922480620155,0.15503875968992248,0.23529411764705882,0.5882352941176471,0.17647058823529413
43901,Deltebre,798,3832,1171,763,3555,1420,1561,7387,2591,11539,5801,5738,0.13528035358349944,0.6401767917497183,0.22454285466678223,0.1375624892259955,0.6605757627995174,0.20186174797448717,0.13297316138027188,0.6195538515162078,0.2474729871035204
8075,Dosrius,482,1994,391,453,1945,420,935,3939,811,5685,2867,2818,0.1644678979771328,0.6928759894459103,0.1426561125769569,0.16811998604813394,0.6955005231949773,0.13637949075688874,0.16075230660042583,0.6902058197303051,0.149041873669269
43053,Duesaigües,15,91,25,11,66,26,26,157,51,234,131,103,0.1111111111111111,0.6709401709401709,0.21794871794871795,0.11450381679389313,0.6946564885496184,0.19083969465648856,0.10679611650485436,0.6407766990291263,0.2524271844660194
17062,"Escala, l'",706,3463,1155,668,3261,1244,1374,6724,2399,10497,5324,5173,0.13089454129751357,0.6405639706582833,0.2285414880442031,0.13260706235912847,0.650450788880541,0.21694214876033058,0.12913203170307366,0.6303885559636575,0.2404794123332689
8076,Esparreguera,1758,7826,1714,1629,7342,2089,3387,15168,3803,22358,11298,11060,0.15148939976742107,0.6784148850523303,0.17009571518024869,0.15560276155071695,0.6926889714993805,0.15170826694990264,0.1472875226039783,0.6638336347197107,0.18887884267631103
17063,Espinelves,14,86,20,18,75,26,32,161,46,239,120,119,0.13389121338912133,0.6736401673640168,0.19246861924686193,0.11666666666666667,0.7166666666666667,0.16666666666666666,0.15126050420168066,0.6302521008403361,0.2184873949579832
25081,"Espluga Calba, l'",15,94,56,21,82,60,36,176,116,328,165,163,0.10975609756097561,0.5365853658536586,0.35365853658536583,0.09090909090909091,0.5696969696969697,0.3393939393939394,0.12883435582822086,0.5030674846625767,0.36809815950920244
43054,"Espluga de Francolí, l'",229,1244,348,250,1161,485,479,2405,833,3717,1821,1896,0.12886736615550176,0.6470271724509012,0.224105461393597,0.1257550796265788,0.6831411312465678,0.19110378912685339,0.13185654008438819,0.6123417721518988,0.2558016877637131
8077,Esplugues de Llobregat,3300,14316,4658,3101,15145,6257,6401,29461,10915,46777,22274,24503,0.13684075507193708,0.6298180729845865,0.2333411719434765,0.14815479931759,0.6427224566759451,0.20912274400646494,0.12655593192670286,0.6180875811125168,0.25535648696078034
17064,Espolla,27,116,61,12,129,67,39,245,128,412,204,208,0.09466019417475728,0.5946601941747572,0.3106796116504854,0.1323529411764706,0.5686274509803921,0.29901960784313725,0.057692307692307696,0.6201923076923077,0.32211538461538464
17065,Esponellà,41,143,56,41,133,55,82,276,111,469,240,229,0.17484008528784648,0.5884861407249466,0.23667377398720682,0.17083333333333334,0.5958333333333333,0.23333333333333334,0.17903930131004367,0.5807860262008734,0.24017467248908297
25082,Espot,17,139,40,18,118,34,35,257,74,366,196,170,0.09562841530054644,0.7021857923497268,0.20218579234972678,0.08673469387755102,0.7091836734693877,0.20408163265306123,0.10588235294117647,0.6941176470588235,0.2
8078,"Espunyola, l'",20,80,29,12,84,33,32,164,62,258,129,129,0.12403100775193798,0.6356589147286822,0.24031007751937986,0.15503875968992248,0.6201550387596899,0.2248062015503876,0.09302325581395349,0.6511627906976745,0.2558139534883721
8254,"Esquirol, l'",140,727,242,135,679,275,275,1406,517,2198,1109,1089,0.1251137397634213,0.6396724294813467,0.23521383075523203,0.12623985572587917,0.6555455365193869,0.218214607754734,0.12396694214876033,0.6235078053259872,0.25252525252525254
25088,Estamariu,8,39,26,9,34,13,17,73,39,129,73,56,0.13178294573643412,0.5658914728682171,0.3023255813953488,0.1095890410958904,0.5342465753424658,0.3561643835616438,0.16071428571428573,0.6071428571428571,0.23214285714285715
8079,"Estany, l'",34,129,52,19,111,63,53,240,115,408,215,193,0.12990196078431374,0.5882352941176471,0.2818627450980392,0.15813953488372093,0.6,0.24186046511627907,0.09844559585492228,0.5751295336787565,0.32642487046632124
25085,Estaràs,9,49,29,16,50,19,25,99,48,172,87,85,0.14534883720930233,0.5755813953488372,0.27906976744186046,0.10344827586206896,0.5632183908045977,0.3333333333333333,0.18823529411764706,0.5882352941176471,0.2235294117647059
25086,Esterri d'Àneu,56,298,52,56,297,73,112,595,125,832,406,426,0.1346153846153846,0.7151442307692307,0.1502403846153846,0.13793103448275862,0.7339901477832512,0.12807881773399016,0.13145539906103287,0.6971830985915493,0.17136150234741784
25087,Esterri de Cardós,5,22,5,7,19,6,12,41,11,64,32,32,0.1875,0.640625,0.171875,0.15625,0.6875,0.15625,0.21875,0.59375,0.1875
43055,Falset,220,880,268,190,826,340,410,1706,608,2724,1368,1356,0.15051395007342144,0.6262848751835536,0.22320117474302498,0.1608187134502924,0.6432748538011696,0.195906432748538,0.140117994100295,0.6091445427728613,0.25073746312684364
17005,"Far d'Empordà, el",53,216,49,51,187,63,104,403,112,619,318,301,0.1680129240710824,0.6510500807754442,0.18093699515347333,0.16666666666666666,0.6792452830188679,0.1540880503144654,0.16943521594684385,0.6212624584717608,0.20930232558139536
25089,Farrera,5,44,18,6,33,10,11,77,28,116,67,49,0.09482758620689655,0.6637931034482759,0.2413793103448276,0.07462686567164178,0.6567164179104478,0.26865671641791045,0.12244897959183673,0.673469387755102,0.20408163265306123
43056,"Fatarella, la",35,264,148,42,243,185,77,507,333,917,447,470,0.08396946564885496,0.5528898582333697,0.36314067611777534,0.07829977628635347,0.5906040268456376,0.33109619686800895,0.08936170212765958,0.5170212765957447,0.39361702127659576
43057,"Febró, la",0,16,9,0,13,3,0,29,12,41,25,16,0.0,0.7073170731707317,0.2926829268292683,0.0,0.64,0.36,0.0,0.8125,0.1875
8134,Figaró-Montmany,69,384,97,77,375,125,146,759,222,1127,550,577,0.129547471162378,0.673469387755102,0.19698314108251996,0.12545454545454546,0.6981818181818182,0.17636363636363636,0.13344887348353554,0.6499133448873483,0.21663778162911612
8080,Fígols,2,19,6,1,12,6,3,31,12,46,27,19,0.06521739130434782,0.6739130434782609,0.2608695652173913,0.07407407407407407,0.7037037037037037,0.2222222222222222,0.05263157894736842,0.631578947368421,0.3157894736842105
25908,Fígols i Alinyà,10,94,42,13,66,35,23,160,77,260,146,114,0.08846153846153847,0.6153846153846154,0.29615384615384616,0.0684931506849315,0.6438356164383562,0.2876712328767123,0.11403508771929824,0.5789473684210527,0.30701754385964913
43058,"Figuera, la",3,41,22,3,25,23,6,66,45,117,66,51,0.05128205128205128,0.5641025641025641,0.38461538461538464,0.045454545454545456,0.6212121212121212,0.3333333333333333,0.058823529411764705,0.49019607843137253,0.45098039215686275
17066,Figueres,4207,15867,3146,3962,15539,4322,8169,31406,7468,47043,23220,23823,0.17364963969134622,0.6676019811661671,0.15874837914248666,0.18118001722652885,0.6833333333333333,0.1354866494401378,0.16630986861436428,0.6522688158502288,0.18142131553540697
43059,Figuerola del Camp,23,111,33,19,111,39,42,222,72,336,167,169,0.125,0.6607142857142857,0.21428571428571427,0.1377245508982036,0.6646706586826348,0.19760479041916168,0.11242603550295859,0.6568047337278107,0.23076923076923078
17067,Flaçà,94,375,87,99,359,133,193,734,220,1147,556,591,0.16826503923278116,0.6399302528334786,0.1918047079337402,0.16906474820143885,0.6744604316546763,0.1564748201438849,0.16751269035532995,0.6074450084602369,0.22504230118443316
43060,Flix,193,1102,445,170,993,548,363,2095,993,3451,1740,1711,0.10518690234714576,0.6070704143726456,0.28774268328020863,0.11091954022988505,0.6333333333333333,0.2557471264367816,0.09935710111046171,0.5803623611922852,0.32028053769725306
25092,"Floresta, la",3,57,19,5,40,21,8,97,40,145,79,66,0.05517241379310345,0.6689655172413793,0.27586206896551724,0.0379746835443038,0.7215189873417721,0.24050632911392406,0.07575757575757576,0.6060606060606061,0.3181818181818182
8082,Fogars de la Selva,90,559,144,93,495,159,183,1054,303,1540,793,747,0.11883116883116883,0.6844155844155844,0.19675324675324676,0.11349306431273644,0.7049180327868853,0.18158890290037832,0.12449799196787148,0.6626506024096386,0.21285140562248997
8081,Fogars de Montclús,46,166,39,34,145,37,80,311,76,467,251,216,0.17130620985010706,0.6659528907922913,0.16274089935760172,0.18326693227091634,0.6613545816733067,0.1553784860557769,0.1574074074074074,0.6712962962962963,0.1712962962962963
17068,Foixà,11,94,44,15,83,52,26,177,96,299,149,150,0.08695652173913043,0.5919732441471572,0.3210702341137124,0.0738255033557047,0.6308724832214765,0.2953020134228188,0.1,0.5533333333333333,0.3466666666666667
8083,Folgueroles,210,773,157,182,733,214,392,1506,371,2269,1140,1129,0.17276333186425738,0.6637285147642134,0.1635081533715293,0.18421052631578946,0.6780701754385965,0.13771929824561405,0.1612046058458813,0.6492471213463242,0.18954827280779452
25093,Fondarella,50,267,73,65,245,81,115,512,154,781,390,391,0.147247119078105,0.6555697823303457,0.19718309859154928,0.1282051282051282,0.6846153846153846,0.18717948717948718,0.16624040920716113,0.6265984654731458,0.2071611253196931
8084,Fonollosa,101,506,159,102,474,153,203,980,312,1495,766,729,0.13578595317725753,0.6555183946488294,0.20869565217391303,0.13185378590078328,0.660574412532637,0.20757180156657964,0.13991769547325103,0.6502057613168725,0.20987654320987653
17069,Fontanals de Cerdanya,31,168,59,38,156,54,69,324,113,506,258,248,0.13636363636363635,0.6403162055335968,0.22332015810276679,0.12015503875968993,0.6511627906976745,0.22868217054263565,0.1532258064516129,0.6290322580645161,0.21774193548387097
17070,Fontanilles,11,56,21,7,43,19,18,99,40,157,88,69,0.11464968152866242,0.6305732484076433,0.25477707006369427,0.125,0.6363636363636364,0.23863636363636365,0.10144927536231885,0.6231884057971014,0.2753623188405797
17071,Fontcoberta,133,461,133,123,481,137,256,942,270,1468,727,741,0.17438692098092642,0.6416893732970027,0.18392370572207084,0.1829436038514443,0.6341127922971114,0.1829436038514443,0.1659919028340081,0.6491228070175439,0.18488529014844804
8085,Font-rubí,102,492,158,99,436,153,201,928,311,1440,752,688,0.13958333333333334,0.6444444444444445,0.21597222222222223,0.1356382978723404,0.6542553191489362,0.21010638297872342,0.1438953488372093,0.6337209302325582,0.22238372093023256
25094,Foradada,13,80,30,11,37,24,24,117,54,195,123,72,0.12307692307692308,0.6,0.27692307692307694,0.10569105691056911,0.6504065040650406,0.24390243902439024,0.1527777777777778,0.5138888888888888,0.3333333333333333
17902,Forallac,123,541,178,117,549,200,240,1090,378,1708,842,866,0.1405152224824356,0.6381733021077284,0.22131147540983606,0.14608076009501186,0.6425178147268409,0.21140142517814728,0.1351039260969977,0.6339491916859122,0.23094688221709006
43061,Forès,2,15,10,0,12,9,2,27,19,48,27,21,0.041666666666666664,0.5625,0.3958333333333333,0.07407407407407407,0.5555555555555556,0.37037037037037035,0.0,0.5714285714285714,0.42857142857142855
17073,Fornells de la Selva,273,885,181,239,925,197,512,1810,378,2700,1339,1361,0.18962962962962962,0.6703703703703704,0.14,0.20388349514563106,0.6609410007468259,0.13517550410754295,0.17560617193240263,0.6796473181484203,0.14474650991917706
17074,Fortià,54,266,76,56,256,85,110,522,161,793,396,397,0.13871374527112232,0.6582597730138714,0.2030264817150063,0.13636363636363635,0.6717171717171717,0.1919191919191919,0.14105793450881612,0.6448362720403022,0.2141057934508816
8086,"Franqueses del Vallès, les",1897,7097,1313,1776,6728,1540,3673,13825,2853,20351,10307,10044,0.18048253157093017,0.6793277971598447,0.1401896712692251,0.18404967497817018,0.6885611720190162,0.12738915300281362,0.1768219832735962,0.669852648347272,0.15332536837913183
43062,Freginals,16,155,39,11,107,63,27,262,102,391,210,181,0.06905370843989769,0.670076726342711,0.2608695652173913,0.0761904761904762,0.7380952380952381,0.18571428571428572,0.06077348066298342,0.5911602209944752,0.34806629834254144
25096,"Fuliola, la",102,413,120,102,348,162,204,761,282,1247,635,612,0.1635926222935044,0.6102646351242983,0.22614274258219727,0.16062992125984252,0.6503937007874016,0.1889763779527559,0.16666666666666666,0.5686274509803921,0.2647058823529412
25097,Fulleda,1,27,22,2,30,19,3,57,41,101,50,51,0.0297029702970297,0.5643564356435643,0.40594059405940597,0.02,0.54,0.44,0.0392156862745098,0.5882352941176471,0.37254901960784315
8090,Gaià,19,67,16,16,56,15,35,123,31,189,102,87,0.18518518518518517,0.6507936507936508,0.164021164021164,0.18627450980392157,0.6568627450980392,0.1568627450980392,0.1839080459770115,0.6436781609195402,0.1724137931034483
43063,"Galera, la",43,240,92,41,191,116,84,431,208,723,375,348,0.11618257261410789,0.5961272475795297,0.28769017980636236,0.11466666666666667,0.64,0.24533333333333332,0.11781609195402298,0.5488505747126436,0.3333333333333333
8087,Gallifa,9,70,18,7,58,21,16,128,39,183,97,86,0.08743169398907104,0.6994535519125683,0.21311475409836064,0.09278350515463918,0.7216494845360825,0.18556701030927836,0.08139534883720931,0.6744186046511628,0.2441860465116279
43064,Gandesa,246,1014,327,212,920,379,458,1934,706,3098,1587,1511,0.14783731439638476,0.6242737249838606,0.2278889606197547,0.15500945179584122,0.6389413988657845,0.2060491493383743,0.14030443414956983,0.6088682991396426,0.25082726671078753
43065,Garcia,37,163,61,36,157,81,73,320,142,535,261,274,0.13644859813084112,0.5981308411214953,0.26542056074766357,0.1417624521072797,0.6245210727969349,0.23371647509578544,0.13138686131386862,0.572992700729927,0.2956204379562044
43066,"Garidells, els",9,70,19,12,69,19,21,139,38,198,98,100,0.10606060606060606,0.702020202020202,0.1919191919191919,0.09183673469387756,0.7142857142857143,0.19387755102040816,0.12,0.69,0.19
8088,"Garriga, la",1396,5467,1210,1286,5724,1650,2682,11191,2860,16733,8073,8660,0.16028207733221778,0.6687981832307417,0.17091973943704059,0.17292208596556422,0.6771955902390685,0.14988232379536728,0.1484988452655889,0.6609699769053118,0.1905311778290993
17075,Garrigàs,36,169,38,31,151,39,67,320,77,464,243,221,0.14439655172413793,0.6896551724137931,0.16594827586206898,0.14814814814814814,0.6954732510288066,0.15637860082304528,0.14027149321266968,0.6832579185520362,0.17647058823529413
17076,Garrigoles,14,59,19,15,46,17,29,105,36,170,92,78,0.17058823529411765,0.6176470588235294,0.21176470588235294,0.15217391304347827,0.6413043478260869,0.20652173913043478,0.19230769230769232,0.5897435897435898,0.21794871794871795
17077,Garriguella,71,288,99,73,276,102,144,564,201,909,458,451,0.15841584158415842,0.6204620462046204,0.22112211221122113,0.15502183406113537,0.62882096069869,0.21615720524017468,0.16186252771618626,0.6119733924611973,0.2261640798226164
8089,Gavà,3790,15504,3669,3500,15693,4775,7290,31197,8444,46931,22963,23968,0.1553344271377128,0.6647418550638171,0.1799237177984701,0.1650481208901276,0.6751731045595087,0.15977877455036363,0.14602803738317757,0.6547479973297731,0.1992239652870494
25098,Gavet de la Conca,12,85,36,9,67,53,21,152,89,262,133,129,0.08015267175572519,0.5801526717557252,0.33969465648854963,0.09022556390977443,0.6390977443609023,0.2706766917293233,0.06976744186046512,0.5193798449612403,0.4108527131782946
8091,Gelida,680,2654,529,631,2540,689,1311,5194,1218,7723,3863,3860,0.1697526867797488,0.6725365790495921,0.15771073417065906,0.1760289930106135,0.6870308050737769,0.13694020191560963,0.16347150259067358,0.6580310880829016,0.17849740932642488
17078,Ger,42,167,54,44,148,47,86,315,101,502,263,239,0.17131474103585656,0.6274900398406374,0.20119521912350596,0.1596958174904943,0.6349809885931559,0.20532319391634982,0.18410041841004185,0.6192468619246861,0.19665271966527198
25912,Gimenells i el Pla de la Font,75,404,118,70,310,141,145,714,259,1118,597,521,0.129695885509839,0.6386404293381037,0.23166368515205724,0.12562814070351758,0.6767169179229481,0.19765494137353434,0.1343570057581574,0.5950095969289827,0.2706333973128599
43067,Ginestar,44,258,118,26,217,124,70,475,242,787,420,367,0.08894536213468869,0.6035578144853876,0.30749682337992373,0.10476190476190476,0.6142857142857143,0.28095238095238095,0.07084468664850137,0.5912806539509536,0.33787465940054495
17079,Girona,8272,33901,6877,7730,35412,9740,16002,69313,16617,101932,49050,52882,0.15698701094847545,0.6799925440489738,0.16302044500255072,0.16864424057084607,0.6911518858307849,0.140203873598369,0.14617450172081237,0.6696418441057449,0.18418365417344276
8092,Gironella,392,1492,550,345,1422,715,737,2914,1265,4916,2434,2482,0.14991863303498779,0.5927583401139137,0.2573230268510985,0.16105176663927692,0.6129827444535744,0.22596548890714874,0.13900080580177276,0.5729250604351329,0.28807413376309426
8093,Gisclareny,2,11,5,0,7,2,2,18,7,27,18,9,0.07407407407407407,0.6666666666666666,0.25925925925925924,0.1111111111111111,0.6111111111111112,0.2777777777777778,0.0,0.7777777777777778,0.2222222222222222
43068,Godall,28,182,94,40,169,101,68,351,195,614,304,310,0.11074918566775244,0.5716612377850163,0.31758957654723124,0.09210526315789473,0.5986842105263158,0.3092105263157895,0.12903225806451613,0.5451612903225806,0.3258064516129032
25099,Golmés,135,633,163,160,580,184,295,1213,347,1855,931,924,0.15902964959568733,0.6539083557951483,0.18706199460916442,0.14500537056928034,0.6799140708915145,0.17508055853920515,0.17316017316017315,0.6277056277056277,0.19913419913419914
17080,Gombrèn,18,59,19,11,63,26,29,122,45,196,96,100,0.14795918367346939,0.6224489795918368,0.22959183673469388,0.1875,0.6145833333333334,0.19791666666666666,0.11,0.63,0.26
25100,Gósol,15,84,34,11,59,29,26,143,63,232,133,99,0.11206896551724138,0.6163793103448276,0.27155172413793105,0.11278195488721804,0.631578947368421,0.2556390977443609,0.1111111111111111,0.5959595959595959,0.29292929292929293
8094,"Granada, la",190,758,158,176,740,185,366,1498,343,2207,1106,1101,0.16583597643860443,0.678749433620299,0.1554145899410965,0.1717902350813743,0.6853526220614828,0.14285714285714285,0.15985467756584923,0.6721162579473207,0.16802906448683017
25101,"Granadella, la",45,241,99,32,181,107,77,422,206,705,385,320,0.10921985815602837,0.5985815602836879,0.29219858156028367,0.11688311688311688,0.625974025974026,0.2571428571428571,0.1,0.565625,0.334375
8095,Granera,4,40,11,1,23,6,5,63,17,85,55,30,0.058823529411764705,0.7411764705882353,0.2,0.07272727272727272,0.7272727272727273,0.2,0.03333333333333333,0.7666666666666667,0.2
25102,"Granja d'Escarp, la",48,375,100,59,224,125,107,599,225,931,523,408,0.11493018259935553,0.6433941997851772,0.24167561761546724,0.09177820267686425,0.7170172084130019,0.19120458891013384,0.14460784313725492,0.5490196078431373,0.30637254901960786
8096,Granollers,4687,21353,4863,4366,20630,6576,9053,41983,11439,62475,30903,31572,0.14490596238495398,0.6719967987194878,0.18309723889555823,0.15166812283597061,0.6909685143837168,0.1573633627803126,0.13828708982642848,0.6534270872925377,0.20828582288103384
25103,Granyanella,5,48,29,4,42,17,9,90,46,145,82,63,0.06206896551724138,0.6206896551724138,0.31724137931034485,0.06097560975609756,0.5853658536585366,0.35365853658536583,0.06349206349206349,0.6666666666666666,0.2698412698412698
25105,Granyena de les Garrigues,11,60,22,7,33,21,18,93,43,154,93,61,0.11688311688311688,0.6038961038961039,0.2792207792207792,0.11827956989247312,0.6451612903225806,0.23655913978494625,0.11475409836065574,0.5409836065573771,0.3442622950819672
25104,Granyena de Segarra,9,52,25,14,34,25,23,86,50,159,86,73,0.14465408805031446,0.5408805031446541,0.31446540880503143,0.10465116279069768,0.6046511627906976,0.29069767441860467,0.1917808219178082,0.4657534246575342,0.3424657534246575
43069,Gratallops,8,97,26,7,62,37,15,159,63,237,131,106,0.06329113924050633,0.6708860759493671,0.26582278481012656,0.061068702290076333,0.7404580152671756,0.1984732824427481,0.0660377358490566,0.5849056603773585,0.3490566037735849
8097,Gualba,157,548,100,151,501,128,308,1049,228,1585,805,780,0.1943217665615142,0.6618296529968454,0.14384858044164037,0.19503105590062111,0.6807453416149069,0.12422360248447205,0.1935897435897436,0.6423076923076924,0.1641025641025641
17081,Gualta,32,165,45,24,116,39,56,281,84,421,242,179,0.1330166270783848,0.667458432304038,0.1995249406175772,0.1322314049586777,0.6818181818181818,0.1859504132231405,0.1340782122905028,0.6480446927374302,0.21787709497206703
8099,Guardiola de Berguedà,45,325,109,53,279,118,98,604,227,929,479,450,0.1054897739504844,0.6501614639397201,0.24434876210979548,0.09394572025052192,0.6784968684759917,0.22755741127348644,0.11777777777777777,0.62,0.26222222222222225
43070,"Guiamets, els",7,92,35,10,82,50,17,174,85,276,134,142,0.06159420289855073,0.6304347826086957,0.3079710144927536,0.05223880597014925,0.6865671641791045,0.26119402985074625,0.07042253521126761,0.5774647887323944,0.352112676056338
17082,Guils de Cerdanya,44,211,59,45,171,58,89,382,117,588,314,274,0.15136054421768708,0.6496598639455783,0.1989795918367347,0.14012738853503184,0.6719745222929936,0.18789808917197454,0.16423357664233576,0.6240875912408759,0.2116788321167883
25109,Guimerà,8,85,48,15,55,52,23,140,100,263,141,122,0.08745247148288973,0.532319391634981,0.38022813688212925,0.05673758865248227,0.6028368794326241,0.3404255319148936,0.12295081967213115,0.45081967213114754,0.4262295081967213
25903,"Guingueta d'Àneu, la",16,111,36,12,87,38,28,198,74,300,163,137,0.09333333333333334,0.66,0.24666666666666667,0.09815950920245399,0.6809815950920245,0.22085889570552147,0.08759124087591241,0.635036496350365,0.2773722627737226
25110,Guissona,711,2896,310,653,2324,397,1364,5220,707,7291,3917,3374,0.18707996159648882,0.7159511726786449,0.09696886572486628,0.18151646668368648,0.7393413326525402,0.0791422006637733,0.1935388263189093,0.6887966804979253,0.11766449318316538
25111,Guixers,8,47,21,4,28,18,12,75,39,126,76,50,0.09523809523809523,0.5952380952380952,0.30952380952380953,0.10526315789473684,0.618421052631579,0.27631578947368424,0.08,0.56,0.36
8100,Gurb,233,930,223,196,871,252,429,1801,475,2705,1386,1319,0.15859519408502773,0.665804066543438,0.1756007393715342,0.1681096681096681,0.670995670995671,0.1608946608946609,0.14859742228961334,0.6603487490523123,0.1910538286580743
43071,Horta de Sant Joan,67,361,161,51,316,182,118,677,343,1138,589,549,0.10369068541300527,0.5949033391915641,0.30140597539543057,0.11375212224108659,0.6129032258064516,0.2733446519524618,0.09289617486338798,0.575591985428051,0.331511839708561
8101,"Hospitalet de Llobregat, l'",18777,87127,22087,17715,87990,30961,36492,175117,53048,264657,127991,136666,0.13788412926920504,0.6616753004832671,0.20044057024752793,0.14670562773945042,0.6807275511559406,0.17256682110460891,0.1296225835247977,0.6438324089385802,0.22654500753662213
8162,"Hostalets de Pierola, els",254,1106,187,256,1031,230,510,2137,417,3064,1547,1517,0.1664490861618799,0.6974543080939948,0.13609660574412533,0.16418875242404654,0.7149321266968326,0.12087912087912088,0.16875411997363216,0.6796308503625577,0.15161502966381016
17083,Hostalric,360,1464,346,357,1376,429,717,2840,775,4332,2170,2162,0.16551246537396122,0.6555863342566943,0.17890120036934443,0.16589861751152074,0.6746543778801843,0.15944700460829492,0.16512488436632747,0.6364477335800185,0.198427382053654
8102,Igualada,3339,13364,3421,3127,12931,4693,6466,26295,8114,40875,20124,20751,0.15818960244648317,0.643302752293578,0.19850764525993883,0.16592128801431127,0.6640826873385013,0.16999602464718744,0.15069153293817164,0.6231506915329381,0.2261577755288902
25115,Isona i Conca Dellà,59,347,172,55,258,169,114,605,341,1060,578,482,0.10754716981132076,0.5707547169811321,0.32169811320754715,0.10207612456747404,0.6003460207612457,0.2975778546712803,0.11410788381742738,0.5352697095435685,0.3506224066390041
17084,Isòvol,26,113,34,26,90,25,52,203,59,314,173,141,0.16560509554140126,0.6464968152866242,0.18789808917197454,0.15028901734104047,0.653179190751445,0.19653179190751446,0.18439716312056736,0.6382978723404256,0.1773049645390071
25113,Ivars d'Urgell,97,523,198,107,388,240,204,911,438,1553,818,735,0.1313586606567933,0.5866065679330328,0.28203477141017386,0.11858190709046455,0.6393643031784841,0.24205378973105135,0.145578231292517,0.527891156462585,0.32653061224489793
25112,Ivars de Noguera,17,118,40,18,95,47,35,213,87,335,175,160,0.1044776119402985,0.6358208955223881,0.25970149253731345,0.09714285714285714,0.6742857142857143,0.22857142857142856,0.1125,0.59375,0.29375
25114,Ivorra,1,46,14,2,24,23,3,70,37,110,61,49,0.02727272727272727,0.6363636363636364,0.33636363636363636,0.01639344262295082,0.7540983606557377,0.22950819672131148,0.04081632653061224,0.4897959183673469,0.46938775510204084
17085,Jafre,27,133,44,19,105,54,46,238,98,382,204,178,0.12041884816753927,0.6230366492146597,0.25654450261780104,0.1323529411764706,0.6519607843137255,0.21568627450980393,0.10674157303370786,0.5898876404494382,0.30337078651685395
17086,"Jonquera, la",306,1140,230,274,1111,279,580,2251,509,3340,1676,1664,0.17365269461077845,0.6739520958083832,0.15239520958083833,0.18257756563245822,0.6801909307875895,0.13723150357995226,0.16466346153846154,0.6676682692307693,0.16766826923076922
8103,Jorba,67,306,49,58,278,67,125,584,116,825,422,403,0.15151515151515152,0.7078787878787879,0.1406060606060606,0.15876777251184834,0.7251184834123223,0.11611374407582939,0.14392059553349876,0.6898263027295285,0.1662531017369727
25910,Josa i Tuixén,1,39,18,3,25,14,4,64,32,100,58,42,0.04,0.64,0.32,0.017241379310344827,0.6724137931034483,0.3103448275862069,0.07142857142857142,0.5952380952380952,0.3333333333333333
17087,Juià,24,116,29,31,96,31,55,212,60,327,169,158,0.16819571865443425,0.6483180428134556,0.1834862385321101,0.14201183431952663,0.6863905325443787,0.17159763313609466,0.1962025316455696,0.6075949367088608,0.1962025316455696
25118,Juncosa,11,142,53,24,103,64,35,245,117,397,206,191,0.08816120906801007,0.6171284634760705,0.2947103274559194,0.05339805825242718,0.6893203883495146,0.25728155339805825,0.1256544502617801,0.5392670157068062,0.33507853403141363
25119,Juneda,276,1287,353,247,996,410,523,2283,763,3569,1916,1653,0.14653964695993277,0.6396749789857102,0.21378537405435696,0.1440501043841336,0.6717118997912317,0.18423799582463465,0.14942528735632185,0.6025408348457351,0.24803387779794314
25121,Les,55,366,54,72,342,77,127,708,131,966,475,491,0.13146997929606624,0.7329192546583851,0.13561076604554864,0.11578947368421053,0.7705263157894737,0.11368421052631579,0.14663951120162932,0.6965376782077393,0.15682281059063136
25122,Linyola,202,908,270,201,830,313,403,1738,583,2724,1380,1344,0.14794419970631426,0.6380323054331865,0.21402349486049926,0.1463768115942029,0.6579710144927536,0.1956521739130435,0.14955357142857142,0.6175595238095238,0.23288690476190477
8104,"Llacuna, la",54,329,108,57,243,126,111,572,234,917,491,426,0.12104689203925845,0.623773173391494,0.25517993456924754,0.109979633401222,0.670061099796334,0.219959266802444,0.13380281690140844,0.5704225352112676,0.29577464788732394
17088,Lladó,79,267,71,84,276,68,163,543,139,845,417,428,0.19289940828402366,0.642603550295858,0.16449704142011834,0.18944844124700239,0.6402877697841727,0.17026378896882494,0.19626168224299065,0.6448598130841121,0.1588785046728972
25123,Lladorre,12,79,33,11,77,32,23,156,65,244,124,120,0.0942622950819672,0.639344262295082,0.26639344262295084,0.0967741935483871,0.6370967741935484,0.2661290322580645,0.09166666666666666,0.6416666666666667,0.26666666666666666
25124,Lladurs,10,58,30,11,55,23,21,113,53,187,98,89,0.11229946524064172,0.6042780748663101,0.28342245989304815,0.10204081632653061,0.5918367346938775,0.30612244897959184,0.12359550561797752,0.6179775280898876,0.25842696629213485
8105,"Llagosta, la",1016,4394,1105,1008,4260,1476,2024,8654,2581,13259,6515,6744,0.15265102948940343,0.6526887397239611,0.1946602307866355,0.15594781273983116,0.6744435917114352,0.1696085955487337,0.1494661921708185,0.6316725978647687,0.2188612099644128
17089,Llagostera,772,3013,671,738,2832,825,1510,5845,1496,8851,4456,4395,0.17060219184272962,0.660377358490566,0.16902044966670432,0.1732495511669659,0.6761669658886894,0.1505834829443447,0.16791808873720138,0.6443686006825938,0.18771331058020477
17090,Llambilles,59,247,65,54,237,68,113,484,133,730,371,359,0.1547945205479452,0.663013698630137,0.1821917808219178,0.15902964959568733,0.6657681940700808,0.1752021563342318,0.15041782729805014,0.6601671309192201,0.1894150417827298
17091,Llanars,33,158,83,31,162,68,64,320,151,535,274,261,0.11962616822429907,0.5981308411214953,0.2822429906542056,0.12043795620437957,0.5766423357664233,0.3029197080291971,0.11877394636015326,0.6206896551724138,0.26053639846743293
17092,Llançà,305,1573,503,283,1544,634,588,3117,1137,4842,2381,2461,0.12143742255266418,0.6437422552664188,0.23482032218091697,0.12809743805123897,0.6606467870642587,0.2112557748845023,0.11499390491670053,0.6273872409589598,0.2576188541243397
25125,Llardecans,26,131,72,14,106,80,40,237,152,429,229,200,0.09324009324009325,0.5524475524475524,0.3543123543123543,0.11353711790393013,0.5720524017467249,0.314410480349345,0.07,0.53,0.4
25126,Llavorsí,21,117,38,19,110,40,40,227,78,345,176,169,0.11594202898550725,0.6579710144927536,0.22608695652173913,0.11931818181818182,0.6647727272727273,0.2159090909090909,0.11242603550295859,0.650887573964497,0.23668639053254437
25120,Lleida,10876,47841,10673,10274,45484,14932,21150,93325,25605,140080,69390,70690,0.15098515134209023,0.666226442033124,0.18278840662478585,0.15673728202911083,0.6894509295287505,0.15381178844213864,0.14533880322535012,0.6434290564436271,0.21123214033102278
17093,Llers,82,420,124,85,395,146,167,815,270,1252,626,626,0.13338658146964857,0.6509584664536742,0.21565495207667731,0.13099041533546327,0.670926517571885,0.19808306709265175,0.13578274760383385,0.6309904153354633,0.23322683706070288
25127,Lles de Cerdanya,25,98,41,16,78,30,41,176,71,288,164,124,0.1423611111111111,0.6111111111111112,0.2465277777777778,0.1524390243902439,0.5975609756097561,0.25,0.12903225806451613,0.6290322580645161,0.24193548387096775
8107,Lliçà d'Amunt,1245,5473,1274,1149,5208,1324,2394,10681,2598,15673,7992,7681,0.1527467619472979,0.6814904613028776,0.16576277674982454,0.15578078078078078,0.6848098098098098,0.1594094094094094,0.14958989714880874,0.6780367139695352,0.17237338888165604
8108,Lliçà de Vall,495,2235,631,440,2128,651,935,4363,1282,6580,3361,3219,0.14209726443768997,0.6630699088145897,0.19483282674772037,0.14727759595358525,0.6649806605177031,0.1877417435287117,0.1366884125504815,0.6610748679714197,0.2022367194780988
25128,Llimiana,8,50,32,4,41,20,12,91,52,155,90,65,0.07741935483870968,0.5870967741935483,0.33548387096774196,0.08888888888888889,0.5555555555555556,0.35555555555555557,0.06153846153846154,0.6307692307692307,0.3076923076923077
8106,Llinars del Vallès,760,3463,816,675,3388,1014,1435,6851,1830,10116,5039,5077,0.1418544879398972,0.6772439699485963,0.18090154211150652,0.15082357610637032,0.6872395316531058,0.1619368922405239,0.13295253102225724,0.6673232223754185,0.1997242466023242
17094,Llívia,87,569,134,97,479,138,184,1048,272,1504,790,714,0.12234042553191489,0.6968085106382979,0.18085106382978725,0.11012658227848102,0.720253164556962,0.16962025316455695,0.13585434173669467,0.6708683473389355,0.19327731092436976
43072,"Lloar, el",6,38,13,8,32,14,14,70,27,111,57,54,0.12612612612612611,0.6306306306306306,0.24324324324324326,0.10526315789473684,0.6666666666666666,0.22807017543859648,0.14814814814814814,0.5925925925925926,0.25925925925925924
25129,Llobera,14,64,30,7,48,24,21,112,54,187,108,79,0.11229946524064172,0.5989304812834224,0.2887700534759358,0.12962962962962962,0.5925925925925926,0.2777777777777778,0.08860759493670886,0.6075949367088608,0.3037974683544304
43073,Llorac,3,30,16,5,29,9,8,59,25,92,49,43,0.08695652173913043,0.6413043478260869,0.2717391304347826,0.061224489795918366,0.6122448979591837,0.32653061224489793,0.11627906976744186,0.6744186046511628,0.20930232558139536
43074,Llorenç del Penedès,181,765,223,169,754,289,350,1519,512,2381,1169,1212,0.1469970600587988,0.637967240655187,0.2150356992860143,0.15483319076133448,0.6544054747647562,0.19076133447390933,0.13943894389438943,0.6221122112211221,0.23844884488448845
17095,Lloret de Mar,2965,13874,2713,2824,12760,3266,5789,26634,5979,38402,19552,18850,0.15074735690849436,0.6935576272069163,0.15569501588458934,0.15164689034369885,0.7095949263502455,0.13875818330605566,0.14981432360742705,0.676923076923077,0.17326259946949601
17096,"Llosses, les",16,85,21,13,60,14,29,145,35,209,122,87,0.13875598086124402,0.69377990430622,0.1674641148325359,0.13114754098360656,0.6967213114754098,0.1721311475409836,0.14942528735632185,0.6896551724137931,0.16091954022988506
8109,Lluçà,21,88,25,28,84,25,49,172,50,271,134,137,0.18081180811808117,0.6346863468634686,0.18450184501845018,0.15671641791044777,0.6567164179104478,0.1865671641791045,0.20437956204379562,0.6131386861313869,0.18248175182481752
17102,Maçanet de Cabrenys,33,243,91,34,207,121,67,450,212,729,367,362,0.09190672153635117,0.6172839506172839,0.2908093278463649,0.08991825613079019,0.662125340599455,0.24795640326975477,0.09392265193370165,0.5718232044198895,0.3342541436464088
17103,Maçanet de la Selva,535,2621,640,555,2298,700,1090,4919,1340,7349,3796,3553,0.14831949925159885,0.6693427677234998,0.18233773302490136,0.14093782929399368,0.690463645943098,0.16859852476290832,0.1562060230790881,0.6467773712355755,0.19701660568533633
17097,Madremanya,25,85,30,27,99,30,52,184,60,296,140,156,0.17567567567567569,0.6216216216216216,0.20270270270270271,0.17857142857142858,0.6071428571428571,0.21428571428571427,0.17307692307692307,0.6346153846153846,0.19230769230769232
17098,Maià de Montcal,29,178,48,33,135,46,62,313,94,469,255,214,0.13219616204690832,0.6673773987206824,0.20042643923240938,0.11372549019607843,0.6980392156862745,0.18823529411764706,0.1542056074766355,0.6308411214953271,0.21495327102803738
25133,Maials,39,341,130,49,232,135,88,573,265,926,510,416,0.09503239740820735,0.6187904967602592,0.2861771058315335,0.07647058823529412,0.6686274509803921,0.2549019607843137,0.11778846153846154,0.5576923076923077,0.3245192307692308
25130,Maldà,16,72,32,8,63,46,24,135,78,237,120,117,0.10126582278481013,0.569620253164557,0.3291139240506329,0.13333333333333333,0.6,0.26666666666666666,0.06837606837606838,0.5384615384615384,0.39316239316239315
8110,Malgrat de Mar,1299,6398,1731,1258,5972,2292,2557,12370,4023,18950,9428,9522,0.134934036939314,0.6527704485488126,0.21229551451187334,0.13778107764106914,0.678616885871871,0.18360203648705983,0.13211510186935518,0.6271791640411678,0.240705734089477
8111,Malla,22,91,28,19,81,35,41,172,63,276,141,135,0.14855072463768115,0.6231884057971014,0.22826086956521738,0.15602836879432624,0.6453900709219859,0.19858156028368795,0.14074074074074075,0.6,0.25925925925925924
8112,Manlleu,1784,7108,1599,1731,6511,2071,3515,13619,3670,20804,10491,10313,0.16895789271293982,0.6546337242837916,0.1764083830032686,0.17005051949289868,0.6775331236297779,0.1524163568773234,0.16784640744691168,0.6313390865897411,0.20081450596334724
8113,Manresa,6422,25432,6476,5963,24926,8973,12385,50358,15449,78192,38330,39862,0.15839216288111316,0.6440300798035604,0.19757775731532637,0.16754500391338378,0.6635011740151318,0.1689538220714845,0.1495910892579399,0.6253073102202599,0.2251016005218002
43076,Marçà,45,205,70,39,187,66,84,392,136,612,320,292,0.13725490196078433,0.6405228758169934,0.2222222222222222,0.140625,0.640625,0.21875,0.13356164383561644,0.6404109589041096,0.22602739726027396
43075,Margalef,3,37,21,3,26,14,6,63,35,104,61,43,0.057692307692307696,0.6057692307692307,0.33653846153846156,0.04918032786885246,0.6065573770491803,0.3442622950819672,0.06976744186046512,0.6046511627906976,0.32558139534883723
8242,Marganell,16,94,25,9,91,36,25,185,61,271,135,136,0.09225092250922509,0.6826568265682657,0.22509225092250923,0.11851851851851852,0.6962962962962963,0.18518518518518517,0.0661764705882353,0.6691176470588235,0.2647058823529412
8114,Martorell,2389,10221,2013,2286,9124,2634,4675,19345,4647,28667,14623,14044,0.16307949907559213,0.6748177346775037,0.16210276624690412,0.16337276892566505,0.6989673801545511,0.1376598509197839,0.16277413842210198,0.6496724579891768,0.18755340358872116
8115,Martorelles,354,1631,449,338,1519,532,692,3150,981,4823,2434,2389,0.14347916234708688,0.6531204644412192,0.20340037321169396,0.14543960558751026,0.6700903861955628,0.18447000821692686,0.14148179154457932,0.6358308915864378,0.22268731686898283
43077,Mas de Barberans,27,177,82,26,162,98,53,339,180,572,286,286,0.09265734265734266,0.5926573426573427,0.3146853146853147,0.0944055944055944,0.6188811188811189,0.2867132867132867,0.09090909090909091,0.5664335664335665,0.34265734265734266
17100,Masarac,16,109,24,20,87,28,36,196,52,284,149,135,0.1267605633802817,0.6901408450704225,0.18309859154929578,0.10738255033557047,0.7315436241610739,0.1610738255033557,0.14814814814814814,0.6444444444444445,0.2074074074074074
43078,Masdenverge,84,354,134,62,342,133,146,696,267,1109,572,537,0.13165013525698827,0.6275924256086565,0.24075743913435527,0.14685314685314685,0.6188811188811189,0.23426573426573427,0.1154562383612663,0.6368715083798883,0.24767225325884543
8116,"Masies de Roda, les",50,229,78,54,214,79,104,443,157,704,357,347,0.14772727272727273,0.6292613636363636,0.22301136363636365,0.1400560224089636,0.6414565826330533,0.2184873949579832,0.15561959654178675,0.6167146974063401,0.2276657060518732
8117,"Masies de Voltregà, les",217,1072,276,211,1062,340,428,2134,616,3178,1565,1613,0.13467589679043424,0.6714915040906231,0.19383259911894274,0.13865814696485623,0.6849840255591054,0.17635782747603834,0.13081215127092374,0.6584004959702418,0.21078735275883448
43079,Masllorenç,33,194,49,25,152,55,58,346,104,508,276,232,0.1141732283464567,0.6811023622047244,0.2047244094488189,0.11956521739130435,0.7028985507246377,0.17753623188405798,0.10775862068965517,0.6551724137931034,0.23706896551724138
8118,"Masnou, el",1746,7786,1973,1637,7899,2807,3383,15685,4780,23848,11505,12343,0.14185675947668566,0.6577071452532707,0.2004360952700436,0.1517601043024772,0.6767492394611039,0.17149065623641896,0.13262577979421533,0.6399578708579762,0.22741634934780847
43080,"Masó, la",22,85,41,16,79,40,38,164,81,283,148,135,0.13427561837455831,0.5795053003533569,0.2862190812720848,0.14864864864864866,0.5743243243243243,0.27702702702702703,0.11851851851851852,0.5851851851851851,0.2962962962962963
43081,Maspujols,78,286,56,61,280,65,139,566,121,826,420,406,0.1682808716707022,0.6852300242130751,0.14648910411622276,0.18571428571428572,0.680952380952381,0.13333333333333333,0.15024630541871922,0.6896551724137931,0.16009852216748768
8119,Masquefa,797,3469,638,765,3217,737,1562,6686,1375,9623,4904,4719,0.1623194430011431,0.6947937233710901,0.1428868336277668,0.16252039151712888,0.7073817292006526,0.1300978792822186,0.1621106166560712,0.6817122271667726,0.1561771561771562
43082,"Masroig, el",22,186,70,28,128,65,50,314,135,499,278,221,0.10020040080160321,0.6292585170340681,0.27054108216432865,0.07913669064748201,0.6690647482014388,0.2517985611510791,0.12669683257918551,0.579185520361991,0.29411764705882354
25131,Massalcoreig,22,262,60,33,145,77,55,407,137,599,344,255,0.09181969949916527,0.679465776293823,0.2287145242070117,0.06395348837209303,0.7616279069767442,0.1744186046511628,0.12941176470588237,0.5686274509803921,0.30196078431372547
17101,Massanes,82,259,86,76,221,79,158,480,165,803,427,376,0.19676214196762143,0.597758405977584,0.2054794520547945,0.1920374707259953,0.6065573770491803,0.20140515222482436,0.20212765957446807,0.5877659574468085,0.21010638297872342
25132,Massoteres,19,87,18,13,71,15,32,158,33,223,124,99,0.14349775784753363,0.7085201793721974,0.14798206278026907,0.1532258064516129,0.7016129032258065,0.14516129032258066,0.13131313131313133,0.7171717171717171,0.15151515151515152
8120,Matadepera,856,3188,800,814,3148,866,1670,6336,1666,9672,4844,4828,0.1726633581472291,0.6550868486352357,0.17224979321753514,0.17671345995045418,0.6581337737407101,0.16515276630883569,0.16859983429991715,0.652029826014913,0.17937033968516986
8121,Mataró,10443,43820,9823,9812,41949,13273,20255,85769,23096,129120,64086,65034,0.15686957868649318,0.6642580545229244,0.1788723667905824,0.16295290703117685,0.6837686858284181,0.15327840714040508,0.1508749269612818,0.6450318295045668,0.20409324353415137
8122,Mediona,204,797,227,188,751,252,392,1548,479,2419,1228,1191,0.16205043406366268,0.6399338569656883,0.19801570897064902,0.16612377850162866,0.6490228013029316,0.18485342019543974,0.15785054575986565,0.6305625524769102,0.21158690176322417
25134,Menàrguens,33,299,96,38,214,109,71,513,205,789,428,361,0.08998732572877059,0.6501901140684411,0.2598225602027883,0.07710280373831775,0.6985981308411215,0.22429906542056074,0.10526315789473684,0.592797783933518,0.30193905817174516
17099,Meranges,6,36,11,6,27,11,12,63,22,97,53,44,0.12371134020618557,0.6494845360824743,0.2268041237113402,0.11320754716981132,0.6792452830188679,0.20754716981132076,0.13636363636363635,0.6136363636363636,0.25
17105,Mieres,24,119,35,23,104,44,47,223,79,349,178,171,0.1346704871060172,0.6389684813753582,0.22636103151862463,0.1348314606741573,0.6685393258426966,0.19662921348314608,0.13450292397660818,0.6081871345029239,0.2573099415204678
43083,"Milà, el",11,61,19,18,58,24,29,119,43,191,91,100,0.1518324607329843,0.6230366492146597,0.225130890052356,0.12087912087912088,0.6703296703296703,0.2087912087912088,0.18,0.58,0.24
25135,Miralcamp,112,452,149,104,402,147,216,854,296,1366,713,653,0.1581259150805271,0.6251830161054173,0.21669106881405564,0.1570827489481066,0.6339410939691444,0.20897615708274894,0.15926493108728942,0.6156202143950995,0.225114854517611
43084,Miravet,54,215,95,33,185,103,87,400,198,685,364,321,0.12700729927007298,0.583941605839416,0.28905109489051095,0.14835164835164835,0.5906593406593407,0.260989010989011,0.102803738317757,0.5763239875389408,0.32087227414330216
8138,Moià,468,2347,514,475,2038,632,943,4385,1146,6474,3329,3145,0.14565956132221192,0.6773246833487797,0.17701575532900835,0.14058275758486033,0.7050165214779213,0.15440072093721838,0.151033386327504,0.6480127186009539,0.20095389507154213
43085,"Molar, el",11,104,42,13,76,52,24,180,94,298,157,141,0.08053691275167785,0.6040268456375839,0.31543624161073824,0.07006369426751592,0.6624203821656051,0.267515923566879,0.09219858156028368,0.5390070921985816,0.36879432624113473
8123,Molins de Rei,2210,8550,1958,2028,8746,2612,4238,17296,4570,26104,12718,13386,0.16235059760956175,0.6625804474410052,0.17506895494943303,0.17376946060701368,0.6722755150180846,0.15395502437490172,0.15150156880322727,0.6533691916928134,0.19512923950395936
25137,Mollerussa,1285,5277,900,1266,4608,1209,2551,9885,2109,14545,7462,7083,0.1753867308353386,0.679614987968374,0.14499828119628738,0.17220584293755026,0.7071830608415974,0.12061109622085232,0.17873782295637441,0.650571791613723,0.17069038542990259
17106,Mollet de Peralada,18,60,28,13,47,31,31,107,59,197,106,91,0.15736040609137056,0.5431472081218274,0.29949238578680204,0.16981132075471697,0.5660377358490566,0.2641509433962264,0.14285714285714285,0.5164835164835165,0.34065934065934067
8124,Mollet del Vallès,3887,17288,4005,3587,17288,5096,7474,34576,9101,51151,25180,25971,0.14611640046137905,0.6759594142832007,0.17792418525542023,0.15436854646544876,0.6865766481334392,0.159054805401112,0.13811559046628932,0.6656655500365792,0.19621885949713141
17107,Molló,13,109,45,27,96,57,40,205,102,347,167,180,0.11527377521613832,0.590778097982709,0.29394812680115273,0.07784431137724551,0.6526946107784432,0.2694610778443114,0.15,0.5333333333333333,0.31666666666666665
25136,"Molsosa, la",2,33,16,4,32,15,6,65,31,102,51,51,0.058823529411764705,0.6372549019607843,0.30392156862745096,0.0392156862745098,0.6470588235294118,0.3137254901960784,0.0784313725490196,0.6274509803921569,0.29411764705882354
8128,Monistrol de Calders,46,251,83,34,217,85,80,468,168,716,380,336,0.11173184357541899,0.6536312849162011,0.2346368715083799,0.12105263157894737,0.6605263157894737,0.21842105263157896,0.10119047619047619,0.6458333333333334,0.25297619047619047
8127,Monistrol de Montserrat,255,1098,284,236,980,325,491,2078,609,3178,1637,1541,0.15449968533668973,0.6538703587161737,0.19162995594713655,0.15577275503970678,0.6707391569945022,0.17348808796579107,0.15314730694354314,0.6359506813757301,0.2109020116807268
17109,Montagut i Oix,65,343,87,66,304,86,131,647,173,951,495,456,0.1377497371188223,0.6803364879074658,0.1819137749737119,0.13131313131313133,0.692929292929293,0.17575757575757575,0.14473684210526316,0.6666666666666666,0.18859649122807018
43086,Montblanc,600,2544,627,499,2366,797,1099,4910,1424,7433,3771,3662,0.1478541638638504,0.6605677384636083,0.19157809767254136,0.15910898965791567,0.6746221161495625,0.1662688941925219,0.1362643364281813,0.6460950300382304,0.2176406335335882
43088,Montbrió del Camp,316,1012,211,281,933,232,597,1945,443,2985,1539,1446,0.2,0.6515912897822446,0.14840871021775545,0.20532813515269654,0.6575698505523067,0.13710201429499674,0.19432918395573998,0.6452282157676349,0.16044260027662519
8125,Montcada i Reixac,3090,12661,2428,2948,12436,3231,6038,25097,5659,36794,18179,18615,0.16410284285481327,0.6820949067782791,0.15380225036690764,0.16997634633368172,0.6964629517575224,0.13356070190879588,0.1583669084071985,0.6680633897394574,0.17356970185334408
8130,Montclar,13,40,17,13,40,13,26,80,30,136,70,66,0.19117647058823528,0.5882352941176471,0.22058823529411764,0.18571428571428572,0.5714285714285714,0.24285714285714285,0.19696969696969696,0.6060606060606061,0.19696969696969696
25139,Montellà i Martinet,40,214,74,27,173,68,67,387,142,596,328,268,0.11241610738255034,0.6493288590604027,0.23825503355704697,0.12195121951219512,0.6524390243902439,0.22560975609756098,0.10074626865671642,0.6455223880597015,0.2537313432835821
8131,Montesquiu,93,332,100,79,315,129,172,647,229,1048,525,523,0.16412213740458015,0.6173664122137404,0.21851145038167938,0.17714285714285713,0.6323809523809524,0.19047619047619047,0.15105162523900573,0.6022944550669216,0.24665391969407266
25140,Montferrer i Castellbò,93,379,116,81,313,99,174,692,215,1081,588,493,0.16096207215541167,0.6401480111008325,0.19888991674375578,0.15816326530612246,0.6445578231292517,0.19727891156462585,0.1643002028397566,0.6348884381338742,0.20081135902636918
43089,Montferri,32,137,42,31,117,38,63,254,80,397,211,186,0.15869017632241814,0.6397984886649875,0.20151133501259447,0.15165876777251186,0.6492890995260664,0.1990521327014218,0.16666666666666666,0.6290322580645161,0.20430107526881722
25138,Montgai,36,208,102,24,171,114,60,379,216,655,346,309,0.0916030534351145,0.5786259541984733,0.3297709923664122,0.10404624277456648,0.6011560693641619,0.2947976878612717,0.07766990291262135,0.5533980582524272,0.36893203883495146
8126,Montgat,1067,4103,866,958,4184,1082,2025,8287,1948,12260,6036,6224,0.16517128874388254,0.6759380097879282,0.15889070146818923,0.17677269715043076,0.6797548045062956,0.1434724983432737,0.1539203084832905,0.6722365038560412,0.1738431876606684
8132,Montmajor,42,132,62,37,131,68,79,263,130,472,236,236,0.1673728813559322,0.5572033898305084,0.2754237288135593,0.17796610169491525,0.559322033898305,0.2627118644067797,0.15677966101694915,0.5550847457627118,0.288135593220339
8133,Montmaneu,10,50,27,3,46,22,13,96,49,158,87,71,0.08227848101265822,0.6075949367088608,0.310126582278481,0.11494252873563218,0.5747126436781609,0.3103448275862069,0.04225352112676056,0.647887323943662,0.30985915492957744
43090,"Montmell, el",129,638,157,123,530,153,252,1168,310,1730,924,806,0.14566473988439307,0.6751445086705202,0.1791907514450867,0.1396103896103896,0.6904761904761905,0.1699134199134199,0.15260545905707196,0.6575682382133995,0.18982630272952852
8135,Montmeló,613,2922,753,587,2936,987,1200,5858,1740,8798,4288,4510,0.136394635144351,0.6658331438963401,0.19777222095930894,0.14295708955223882,0.6814365671641791,0.1756063432835821,0.13015521064301552,0.6509977827050998,0.2188470066518847
25142,Montoliu de Lleida,37,166,56,32,134,68,69,300,124,493,259,234,0.13995943204868155,0.6085192697768763,0.2515212981744422,0.14285714285714285,0.640926640926641,0.21621621621621623,0.13675213675213677,0.5726495726495726,0.2905982905982906
25141,Montoliu de Segarra,10,67,28,6,52,28,16,119,56,191,105,86,0.08376963350785341,0.6230366492146597,0.2931937172774869,0.09523809523809523,0.638095238095238,0.26666666666666666,0.06976744186046512,0.6046511627906976,0.32558139534883723
25143,Montornès de Segarra,2,24,17,6,22,20,8,46,37,91,43,48,0.08791208791208792,0.5054945054945055,0.4065934065934066,0.046511627906976744,0.5581395348837209,0.3953488372093023,0.125,0.4583333333333333,0.4166666666666667
8136,Montornès del Vallès,1462,5829,1191,1420,5453,1449,2882,11282,2640,16804,8482,8322,0.17150678409902403,0.6713877648179005,0.15710545108307547,0.17236500825277057,0.6872199952841311,0.14041499646309832,0.17063205960105743,0.6552511415525114,0.17411679884643114
43091,Mont-ral,9,62,23,12,47,16,21,109,39,169,94,75,0.1242603550295858,0.6449704142011834,0.23076923076923078,0.09574468085106383,0.6595744680851063,0.24468085106382978,0.16,0.6266666666666667,0.21333333333333335
17110,Mont-ras,103,565,183,78,550,193,181,1115,376,1672,851,821,0.10825358851674641,0.6668660287081339,0.22488038277511962,0.12103407755581669,0.663924794359577,0.21504112808460635,0.09500609013398295,0.6699147381242387,0.2350791717417783
43092,Mont-roig del Camp,976,4378,1160,899,4059,1217,1875,8437,2377,12689,6514,6175,0.14776578138545196,0.6649066120261644,0.18732760658838363,0.14983113294442738,0.6720908811789991,0.17807798587657353,0.14558704453441296,0.6573279352226721,0.197085020242915
8137,Montseny,29,125,35,26,106,41,55,231,76,362,189,173,0.15193370165745856,0.638121546961326,0.20994475138121546,0.15343915343915343,0.6613756613756614,0.18518518518518517,0.15028901734104047,0.6127167630057804,0.23699421965317918
43093,Móra d'Ebre,448,1877,472,386,1769,633,834,3646,1105,5585,2797,2788,0.14932855863921218,0.6528200537153088,0.19785138764547897,0.16017161244190203,0.671076153021094,0.16875223453700394,0.13845050215208035,0.6345050215208035,0.22704447632711622
43094,Móra la Nova,214,1051,297,223,984,351,437,2035,648,3120,1562,1558,0.14006410256410257,0.6522435897435898,0.2076923076923077,0.13700384122919335,0.6728553137003841,0.19014084507042253,0.14313222079589216,0.631578947368421,0.22528883183568676
43095,"Morell, el",334,1364,220,304,1237,273,638,2601,493,3732,1918,1814,0.17095391211146838,0.6969453376205788,0.13210075026795284,0.17413972888425444,0.7111574556830031,0.11470281543274244,0.16758544652701213,0.6819184123484013,0.15049614112458654
43096,"Morera de Montsant, la",9,59,19,12,47,17,21,106,36,163,87,76,0.12883435582822086,0.6503067484662577,0.22085889570552147,0.10344827586206896,0.6781609195402298,0.21839080459770116,0.15789473684210525,0.618421052631579,0.2236842105263158
8129,Muntanyola,47,255,48,50,210,45,97,465,93,655,350,305,0.1480916030534351,0.7099236641221374,0.14198473282442747,0.13428571428571429,0.7285714285714285,0.13714285714285715,0.16393442622950818,0.6885245901639344,0.14754098360655737
8139,Mura,12,84,25,18,67,25,30,151,50,231,121,110,0.12987012987012986,0.6536796536796536,0.21645021645021645,0.09917355371900827,0.6942148760330579,0.2066115702479339,0.16363636363636364,0.6090909090909091,0.22727272727272727
25145,Nalec,6,20,20,2,22,18,8,42,38,88,46,42,0.09090909090909091,0.4772727272727273,0.4318181818181818,0.13043478260869565,0.43478260869565216,0.43478260869565216,0.047619047619047616,0.5238095238095238,0.42857142857142855
25025,Naut Aran,157,707,149,123,676,129,280,1383,278,1941,1013,928,0.14425553838227717,0.7125193199381762,0.1432251416795466,0.1549851924975321,0.6979269496544916,0.14708785784797632,0.13254310344827586,0.728448275862069,0.13900862068965517
8140,Navarcles,386,2012,574,407,1955,734,793,3967,1308,6068,2972,3096,0.1306855636123929,0.6537574159525379,0.21555702043506922,0.12987886944818305,0.676985195154778,0.19313593539703902,0.13145994832041344,0.6314599483204134,0.23708010335917312
8141,Navàs,443,1943,565,439,1880,703,882,3823,1268,5973,2951,3022,0.14766449020592667,0.6400468776159384,0.21228863217813493,0.15011860386309725,0.6584208742799051,0.19146052185699763,0.14526803441429517,0.6221045665122436,0.23262739907346128
17111,Navata,114,462,122,117,482,137,231,944,259,1434,698,736,0.16108786610878661,0.6582984658298466,0.1806136680613668,0.16332378223495703,0.66189111747851,0.17478510028653296,0.15896739130434784,0.654891304347826,0.18614130434782608
25146,Navès,21,97,30,21,96,28,42,193,58,293,148,145,0.14334470989761092,0.658703071672355,0.19795221843003413,0.14189189189189189,0.6554054054054054,0.20270270270270271,0.14482758620689656,0.6620689655172414,0.19310344827586207
8142,"Nou de Berguedà, la",9,54,31,10,47,25,19,101,56,176,94,82,0.10795454545454546,0.5738636363636364,0.3181818181818182,0.09574468085106383,0.574468085106383,0.32978723404255317,0.12195121951219512,0.573170731707317,0.3048780487804878
43097,"Nou de Gaià, la",64,192,48,60,196,56,124,388,104,616,304,312,0.2012987012987013,0.6298701298701299,0.16883116883116883,0.21052631578947367,0.631578947368421,0.15789473684210525,0.19230769230769232,0.6282051282051282,0.1794871794871795
43098,Nulles,65,171,44,39,141,56,104,312,100,516,280,236,0.20155038759689922,0.6046511627906976,0.1937984496124031,0.23214285714285715,0.6107142857142858,0.15714285714285714,0.1652542372881356,0.597457627118644,0.23728813559322035
25148,Odèn,12,88,49,7,66,31,19,154,80,253,149,104,0.07509881422924901,0.6086956521739131,0.31620553359683795,0.08053691275167785,0.5906040268456376,0.3288590604026846,0.0673076923076923,0.6346153846153846,0.2980769230769231
8143,Òdena,330,1298,268,301,1146,338,631,2444,606,3681,1896,1785,0.17142080956261885,0.6639500135832654,0.16462917685411574,0.17405063291139242,0.6845991561181435,0.14135021097046413,0.16862745098039217,0.6420168067226891,0.18935574229691876
17112,Ogassa,18,89,26,15,67,25,33,156,51,240,133,107,0.1375,0.65,0.2125,0.13533834586466165,0.6691729323308271,0.19548872180451127,0.14018691588785046,0.6261682242990654,0.2336448598130841
8145,Olèrdola,321,1348,320,304,1226,328,625,2574,648,3847,1989,1858,0.16246425786327007,0.6690927995840915,0.16844294255263842,0.16138763197586728,0.6777275012569131,0.16088486676721972,0.16361679224973089,0.6598493003229279,0.17653390742734124
8146,Olesa de Bonesvalls,153,703,148,144,620,155,297,1323,303,1923,1004,919,0.1544461778471139,0.6879875195007801,0.15756630265210608,0.15239043824701196,0.700199203187251,0.14741035856573706,0.15669205658324264,0.6746463547334058,0.16866158868335146
8147,Olesa de Montserrat,2067,8236,1758,1976,7909,2186,4043,16145,3944,24132,12061,12071,0.16753688049063484,0.6690286756174374,0.16343444389192774,0.17137882430975873,0.6828621175690242,0.14575905812121714,0.16369811945986248,0.6552066937287714,0.18109518681136608
25149,Oliana,102,568,259,114,545,269,216,1113,528,1857,929,928,0.11631663974151858,0.5993537964458805,0.284329563812601,0.10979547900968784,0.6114101184068891,0.27879440258342303,0.12284482758620689,0.5872844827586207,0.28987068965517243
25150,Oliola,9,72,27,11,59,23,20,131,50,201,108,93,0.09950248756218906,0.6517412935323383,0.24875621890547264,0.08333333333333333,0.6666666666666666,0.25,0.11827956989247312,0.6344086021505376,0.24731182795698925
25151,Olius,109,317,93,76,287,80,185,604,173,962,519,443,0.19230769230769232,0.6278586278586279,0.17983367983367984,0.21001926782273603,0.6107899807321773,0.1791907514450867,0.17155756207674944,0.6478555304740407,0.18058690744920994
8148,Olivella,380,1484,265,381,1349,268,761,2833,533,4127,2129,1998,0.18439544463290525,0.6864550520959535,0.12914950327114127,0.17848755284170972,0.697040864255519,0.12447158290277126,0.1906906906906907,0.6751751751751752,0.13413413413413414
8149,Olost,67,371,140,80,371,161,147,742,301,1190,578,612,0.12352941176470589,0.6235294117647059,0.2529411764705882,0.11591695501730104,0.6418685121107266,0.2422145328719723,0.13071895424836602,0.6062091503267973,0.2630718954248366
17114,Olot,2698,12591,2995,2570,11432,4013,5268,24023,7008,36299,18284,18015,0.14512796495771232,0.6618088652579961,0.19306316978429158,0.14756070881645153,0.6886348720192518,0.16380441916429667,0.14265889536497364,0.6345822925339994,0.2227588121010269
25152,"Oluges, les",11,50,31,5,42,30,16,92,61,169,92,77,0.09467455621301775,0.5443786982248521,0.3609467455621302,0.11956521739130435,0.5434782608695652,0.33695652173913043,0.06493506493506493,0.5454545454545454,0.38961038961038963
8144,Olvan,45,296,84,52,262,135,97,558,219,874,425,449,0.11098398169336385,0.6384439359267735,0.2505720823798627,0.10588235294117647,0.6964705882352941,0.1976470588235294,0.11581291759465479,0.5835189309576837,0.30066815144766146
25153,"Omellons, els",7,64,38,12,45,36,19,109,74,202,109,93,0.09405940594059406,0.5396039603960396,0.36633663366336633,0.06422018348623854,0.5871559633027523,0.3486238532110092,0.12903225806451613,0.4838709677419355,0.3870967741935484
25154,"Omells de na Gaia, els",2,49,20,4,38,14,6,87,34,127,71,56,0.047244094488188976,0.6850393700787402,0.2677165354330709,0.028169014084507043,0.6901408450704225,0.28169014084507044,0.07142857142857142,0.6785714285714286,0.25
17115,Ordis,31,126,41,29,108,34,60,234,75,369,198,171,0.16260162601626016,0.6341463414634146,0.2032520325203252,0.15656565656565657,0.6363636363636364,0.20707070707070707,0.1695906432748538,0.631578947368421,0.19883040935672514
25155,Organyà,47,248,83,34,227,127,81,475,210,766,378,388,0.10574412532637076,0.6201044386422977,0.2741514360313316,0.12433862433862433,0.656084656084656,0.21957671957671956,0.08762886597938144,0.5850515463917526,0.327319587628866
8150,Orís,24,123,27,23,117,25,47,240,52,339,174,165,0.13864306784660768,0.7079646017699115,0.15339233038348082,0.13793103448275862,0.7068965517241379,0.15517241379310345,0.1393939393939394,0.7090909090909091,0.15151515151515152
8151,Oristà,32,171,79,26,155,84,58,326,163,547,282,265,0.10603290676416818,0.5959780621572212,0.2979890310786106,0.11347517730496454,0.6063829787234043,0.2801418439716312,0.09811320754716982,0.5849056603773585,0.3169811320754717
8152,Orpí,14,55,9,14,47,15,28,102,24,154,78,76,0.18181818181818182,0.6623376623376623,0.15584415584415584,0.1794871794871795,0.7051282051282052,0.11538461538461539,0.18421052631578946,0.618421052631579,0.19736842105263158
8153,Òrrius,71,271,55,64,257,61,135,528,116,779,397,382,0.17329910141206675,0.6777920410783055,0.14890885750962773,0.17884130982367757,0.6826196473551638,0.1385390428211587,0.16753926701570682,0.6727748691099477,0.15968586387434555
25156,Os de Balaguer,66,342,105,69,326,92,135,668,197,1000,513,487,0.135,0.668,0.197,0.1286549707602339,0.6666666666666666,0.2046783625730994,0.14168377823408623,0.6694045174537988,0.188911704312115
17116,Osor,21,155,49,18,133,50,39,288,99,426,225,201,0.09154929577464789,0.676056338028169,0.2323943661971831,0.09333333333333334,0.6888888888888889,0.21777777777777776,0.08955223880597014,0.6616915422885572,0.24875621890547264
25157,Ossó de Sió,11,59,24,14,58,30,25,117,54,196,94,102,0.12755102040816327,0.5969387755102041,0.2755102040816326,0.11702127659574468,0.6276595744680851,0.2553191489361702,0.13725490196078433,0.5686274509803921,0.29411764705882354
8154,Pacs del Penedès,67,314,85,76,291,82,143,605,167,915,466,449,0.15628415300546447,0.6612021857923497,0.1825136612021858,0.14377682403433475,0.6738197424892703,0.18240343347639484,0.16926503340757237,0.6481069042316259,0.18262806236080179
8155,Palafolls,836,3376,628,782,3276,748,1618,6652,1376,9646,4840,4806,0.1677379224549036,0.6896122745179349,0.14264980302716151,0.17272727272727273,0.6975206611570248,0.12975206611570247,0.16271327507282562,0.6816479400749064,0.155638784852268
17117,Palafrugell,2003,7610,1858,1822,7405,2348,3825,15015,4206,23046,11471,11575,0.16597240302004687,0.6515230408747722,0.18250455610518093,0.1746142446168599,0.6634120826431872,0.16197367273995292,0.15740820734341252,0.6397408207343412,0.20285097192224621
17118,Palamós,1204,6036,1647,1178,5985,2146,2382,12021,3793,18196,8887,9309,0.13090789184436138,0.6606397010331941,0.2084524071224445,0.1354787892427141,0.679194328794869,0.185326881962417,0.12654420453324738,0.6429262004511763,0.23052959501557632
25158,"Palau d'Anglesola, el",183,748,170,167,695,242,350,1443,412,2205,1101,1104,0.15873015873015872,0.654421768707483,0.18684807256235827,0.16621253405994552,0.6793823796548593,0.15440508628519528,0.151268115942029,0.6295289855072463,0.21920289855072464
17119,Palau de Santa Eulàlia,14,33,15,10,26,13,24,59,28,111,62,49,0.21621621621621623,0.5315315315315315,0.25225225225225223,0.22580645161290322,0.532258064516129,0.24193548387096775,0.20408163265306123,0.5306122448979592,0.2653061224489796
17121,Palau-sator,29,109,33,24,91,37,53,200,70,323,171,152,0.16408668730650156,0.6191950464396285,0.21671826625386997,0.1695906432748538,0.6374269005847953,0.19298245614035087,0.15789473684210525,0.5986842105263158,0.24342105263157895
17120,Palau-saverdera,135,455,162,121,445,172,256,900,334,1490,752,738,0.17181208053691274,0.6040268456375839,0.22416107382550335,0.17952127659574468,0.6050531914893617,0.2154255319148936,0.16395663956639567,0.6029810298102981,0.23306233062330622
8156,Palau-solità i Plegamans,1084,5048,1162,1158,5062,1403,2242,10110,2565,14917,7294,7623,0.15029831735603674,0.6777502178722263,0.17195146477173695,0.1486153002467782,0.6920756786399781,0.15930902111324377,0.1519086973632428,0.6640430276793913,0.18404827495736586
43100,"Pallaresos, els",481,1713,247,428,1698,305,909,3411,552,4872,2441,2431,0.18657635467980296,0.7001231527093597,0.11330049261083744,0.19705038918476034,0.7017615731257681,0.10118803768947153,0.1760592348827643,0.6984779925956397,0.12546277252159604
8157,Pallejà,1029,3959,811,897,3880,1060,1926,7839,1871,11636,5799,5837,0.16552079752492266,0.6736851151598487,0.1607940873152286,0.17744438696326953,0.6827039144680117,0.13985169856871874,0.15367483296213807,0.6647250299811547,0.18160013705670722
43099,"Palma d'Ebre, la",11,97,60,11,84,71,22,181,131,334,168,166,0.0658682634730539,0.5419161676646707,0.39221556886227543,0.06547619047619048,0.5773809523809523,0.35714285714285715,0.06626506024096386,0.5060240963855421,0.42771084337349397
8905,"Palma de Cervelló, la",217,1041,231,238,1013,275,455,2054,506,3015,1489,1526,0.15091210613598674,0.6812603648424544,0.16782752902155887,0.14573539288112827,0.6991269308260577,0.15513767629281397,0.1559633027522936,0.663826998689384,0.18020969855832242
17123,Palol de Revardit,31,143,45,35,137,55,66,280,100,446,219,227,0.14798206278026907,0.6278026905829597,0.2242152466367713,0.1415525114155251,0.6529680365296804,0.2054794520547945,0.15418502202643172,0.6035242290748899,0.2422907488986784
17124,Pals,175,866,264,154,773,284,329,1639,548,2516,1305,1211,0.1307631160572337,0.6514308426073132,0.2178060413354531,0.13409961685823754,0.6636015325670498,0.20229885057471264,0.12716763005780346,0.6383154417836499,0.23451692815854666
8158,"Papiol, el",364,1431,307,327,1421,382,691,2852,689,4232,2102,2130,0.16327977315689982,0.6739130434782609,0.16280718336483932,0.1731684110371075,0.6807802093244529,0.1460513796384396,0.15352112676056337,0.6671361502347418,0.17934272300469484
17125,Pardines,13,58,19,10,43,23,23,101,42,166,90,76,0.13855421686746988,0.608433734939759,0.25301204819277107,0.14444444444444443,0.6444444444444445,0.2111111111111111,0.13157894736842105,0.5657894736842105,0.3026315789473684
8159,Parets del Vallès,1571,6480,1365,1466,6338,1687,3037,12818,3052,18907,9416,9491,0.1606283387105305,0.6779499656211985,0.161421695668271,0.16684367034834324,0.6881903143585386,0.1449660152931181,0.15446212201032558,0.6677905384048045,0.17774733958486988
17126,Parlavà,30,129,47,33,117,57,63,246,104,413,206,207,0.15254237288135594,0.5956416464891041,0.25181598062953997,0.14563106796116504,0.6262135922330098,0.22815533980582525,0.15942028985507245,0.5652173913043478,0.2753623188405797
43101,Passanant i Belltall,5,60,33,2,38,29,7,98,62,167,98,69,0.041916167664670656,0.5868263473053892,0.3712574850299401,0.05102040816326531,0.6122448979591837,0.336734693877551,0.028985507246376812,0.5507246376811594,0.42028985507246375
17128,Pau,33,188,73,35,180,79,68,368,152,588,294,294,0.11564625850340136,0.6258503401360545,0.2585034013605442,0.11224489795918367,0.6394557823129252,0.24829931972789115,0.11904761904761904,0.6122448979591837,0.2687074829931973
43102,Paüls,36,155,96,31,150,95,67,305,191,563,287,276,0.11900532859680284,0.5417406749555951,0.3392539964476021,0.1254355400696864,0.5400696864111498,0.3344947735191638,0.11231884057971014,0.5434782608695652,0.3442028985507246
17129,Pedret i Marzà,16,60,17,14,59,21,30,119,38,187,93,94,0.16042780748663102,0.6363636363636364,0.20320855614973263,0.17204301075268819,0.6451612903225806,0.1827956989247312,0.14893617021276595,0.6276595744680851,0.22340425531914893
25164,Penelles,23,163,68,23,108,58,46,271,126,443,254,189,0.1038374717832957,0.6117381489841986,0.28442437923250563,0.09055118110236221,0.6417322834645669,0.2677165354330709,0.12169312169312169,0.5714285714285714,0.30687830687830686
17130,"Pera, la",41,144,39,26,137,61,67,281,100,448,224,224,0.14955357142857142,0.6272321428571429,0.22321428571428573,0.18303571428571427,0.6428571428571429,0.17410714285714285,0.11607142857142858,0.6116071428571429,0.27232142857142855
8160,Perafita,29,128,54,23,125,53,52,253,107,412,211,201,0.1262135922330097,0.6140776699029126,0.25970873786407767,0.13744075829383887,0.6066350710900474,0.2559241706161137,0.11442786069651742,0.6218905472636815,0.263681592039801
43103,Perafort,130,456,76,110,422,81,240,878,157,1275,662,613,0.18823529411764706,0.6886274509803921,0.12313725490196079,0.19637462235649547,0.6888217522658611,0.1148036253776435,0.17944535073409462,0.6884176182707994,0.13213703099510604
17132,Peralada,129,647,188,142,618,221,271,1265,409,1945,964,981,0.13933161953727508,0.6503856041131105,0.2102827763496144,0.1338174273858921,0.671161825726141,0.1950207468879668,0.14475025484199797,0.6299694189602446,0.2252803261977574
25165,Peramola,16,118,40,17,106,51,33,224,91,348,174,174,0.09482758620689655,0.6436781609195402,0.2614942528735632,0.09195402298850575,0.6781609195402298,0.22988505747126436,0.09770114942528736,0.6091954022988506,0.29310344827586204
43104,"Perelló, el",209,883,361,203,801,389,412,1684,750,2846,1453,1393,0.14476458186929023,0.5917076598735067,0.2635277582572031,0.14384033035099794,0.6077081899518239,0.24845147969717826,0.1457286432160804,0.5750179468772434,0.27925340990667624
8161,Piera,1328,5834,1224,1248,5276,1501,2576,11110,2725,16411,8386,8025,0.15696788739260253,0.676984949119493,0.16604716348790446,0.1583591700453136,0.6956832816599093,0.145957548294777,0.1555140186915888,0.6574454828660437,0.18704049844236761
43105,"Piles, les",17,68,32,21,65,15,38,133,47,218,117,101,0.1743119266055046,0.6100917431192661,0.21559633027522937,0.1452991452991453,0.5811965811965812,0.27350427350427353,0.2079207920792079,0.6435643564356436,0.1485148514851485
8163,Pineda de Mar,1956,9303,2674,1909,8822,3310,3865,18125,5984,27974,13933,14041,0.13816400943733467,0.6479230714234646,0.21391291913920069,0.14038613363956076,0.6676953994114692,0.19191846694897008,0.13595897728082046,0.6283028274339435,0.2357381952852361
43106,"Pinell de Brai, el",49,325,129,50,277,168,99,602,297,998,503,495,0.09919839679358718,0.6032064128256514,0.29759519038076154,0.09741550695825049,0.6461232604373758,0.25646123260437376,0.10101010101010101,0.5595959595959596,0.3393939393939394
25166,Pinell de Solsonès,12,71,26,5,45,29,17,116,55,188,109,79,0.09042553191489362,0.6170212765957447,0.2925531914893617,0.11009174311926606,0.6513761467889908,0.23853211009174313,0.06329113924050633,0.569620253164557,0.3670886075949367
25167,Pinós,20,97,38,21,81,33,41,178,71,290,155,135,0.1413793103448276,0.6137931034482759,0.24482758620689654,0.12903225806451613,0.6258064516129033,0.24516129032258063,0.15555555555555556,0.6,0.24444444444444444
43107,Pira,42,171,54,30,151,50,72,322,104,498,267,231,0.14457831325301204,0.6465863453815262,0.20883534136546184,0.15730337078651685,0.6404494382022472,0.20224719101123595,0.12987012987012986,0.6536796536796536,0.21645021645021645
43108,"Pla de Santa Maria, el",178,829,215,161,709,248,339,1538,463,2340,1222,1118,0.14487179487179488,0.6572649572649573,0.19786324786324785,0.14566284779050737,0.6783960720130933,0.17594108019639934,0.1440071556350626,0.6341681574239714,0.22182468694096602
8164,"Pla del Penedès, el",118,438,100,130,401,119,248,839,219,1306,656,650,0.18989280245022971,0.6424196018376723,0.16768759571209801,0.1798780487804878,0.6676829268292683,0.1524390243902439,0.2,0.6169230769230769,0.18307692307692308
17133,"Planes d'Hostoles, les",127,533,207,100,495,249,227,1028,456,1711,867,844,0.1326709526592636,0.6008182349503215,0.26651081239041496,0.14648212226066898,0.6147635524798154,0.23875432525951557,0.11848341232227488,0.5864928909952607,0.2950236966824645
17134,Planoles,22,104,41,19,82,43,41,186,84,311,167,144,0.13183279742765272,0.5980707395498392,0.27009646302250806,0.1317365269461078,0.6227544910179641,0.24550898203592814,0.13194444444444445,0.5694444444444444,0.2986111111111111
25911,"Plans de Sió, els",20,186,71,22,129,75,42,315,146,503,277,226,0.08349900596421471,0.6262425447316103,0.29025844930417494,0.07220216606498195,0.6714801444043321,0.2563176895306859,0.09734513274336283,0.5707964601769911,0.33185840707964603
25168,"Poal, el",50,216,79,35,198,89,85,414,168,667,345,322,0.12743628185907047,0.6206896551724138,0.2518740629685157,0.14492753623188406,0.6260869565217392,0.2289855072463768,0.10869565217391304,0.6149068322981367,0.27639751552795033
25169,"Pobla de Cérvoles, la",4,72,28,4,54,36,8,126,64,198,104,94,0.04040404040404041,0.6363636363636364,0.32323232323232326,0.038461538461538464,0.6923076923076923,0.2692307692307692,0.0425531914893617,0.574468085106383,0.3829787234042553
8165,"Pobla de Claramunt, la",189,739,196,183,670,230,372,1409,426,2207,1124,1083,0.16855459900317174,0.638423198912551,0.1930222020842773,0.16814946619217083,0.6574733096085409,0.17437722419928825,0.16897506925207756,0.61865189289012,0.2123730378578024
8166,"Pobla de Lillet, la",42,313,158,41,285,224,83,598,382,1063,513,550,0.07808090310442145,0.5625587958607714,0.35936030103480715,0.08187134502923976,0.6101364522417154,0.3079922027290448,0.07454545454545454,0.5181818181818182,0.4072727272727273
43109,"Pobla de Mafumet, la",452,1436,148,411,1390,188,863,2826,336,4025,2036,1989,0.21440993788819876,0.702111801242236,0.08347826086956522,0.2220039292730845,0.7053045186640472,0.07269155206286837,0.2066365007541478,0.6988436400201106,0.09451985922574158
43110,"Pobla de Massaluca, la",19,111,62,14,81,54,33,192,116,341,192,149,0.0967741935483871,0.5630498533724341,0.34017595307917886,0.09895833333333333,0.578125,0.3229166666666667,0.09395973154362416,0.5436241610738255,0.3624161073825503
43111,"Pobla de Montornès, la",231,1024,288,213,926,317,444,1950,605,2999,1543,1456,0.1480493497832611,0.6502167389129709,0.20173391130376792,0.14970836033700582,0.6636422553467272,0.18664938431626701,0.1462912087912088,0.635989010989011,0.21771978021978022
25171,"Pobla de Segur, la",207,966,349,178,910,440,385,1876,789,3050,1522,1528,0.12622950819672132,0.6150819672131147,0.25868852459016395,0.1360052562417871,0.6346911957950065,0.22930354796320632,0.11649214659685864,0.5955497382198953,0.2879581151832461
43112,Poboleda,16,108,41,21,95,47,37,203,88,328,165,163,0.11280487804878049,0.6189024390243902,0.2682926829268293,0.09696969696969697,0.6545454545454545,0.24848484848484848,0.12883435582822086,0.5828220858895705,0.2883435582822086
8167,Polinyà,821,3050,438,813,2859,513,1634,5909,951,8494,4309,4185,0.19237108547209794,0.6956675300211914,0.11196138450671062,0.19053144581109305,0.7078208401021119,0.10164771408679509,0.19426523297491038,0.6831541218637993,0.12258064516129032
43113,"Pont d'Armentera, el",24,151,70,25,138,85,49,289,155,493,245,248,0.09939148073022312,0.5862068965517241,0.3144016227180527,0.09795918367346938,0.6163265306122448,0.2857142857142857,0.10080645161290322,0.5564516129032258,0.34274193548387094
25030,"Pont de Bar, el",23,64,18,4,44,21,27,108,39,174,105,69,0.15517241379310345,0.6206896551724138,0.22413793103448276,0.21904761904761905,0.6095238095238096,0.17142857142857143,0.057971014492753624,0.6376811594202898,0.30434782608695654
17135,Pont de Molins,29,177,55,35,171,51,64,348,106,518,261,257,0.12355212355212356,0.6718146718146718,0.20463320463320464,0.1111111111111111,0.6781609195402298,0.210727969348659,0.13618677042801555,0.6653696498054474,0.19844357976653695
25173,"Pont de Suert, el",167,791,211,144,748,270,311,1539,481,2331,1169,1162,0.13341913341913342,0.6602316602316602,0.20634920634920634,0.14285714285714285,0.6766467065868264,0.1804961505560308,0.12392426850258176,0.6437177280550774,0.23235800344234078
8182,"Pont de Vilomara i Rocafort, el",350,1397,325,292,1265,387,642,2662,712,4016,2072,1944,0.1598605577689243,0.6628486055776892,0.17729083665338646,0.16891891891891891,0.6742277992277992,0.15685328185328185,0.15020576131687244,0.6507201646090535,0.19907407407407407
43141,Pontils,8,40,26,12,37,15,20,77,41,138,74,64,0.14492753623188406,0.5579710144927537,0.2971014492753623,0.10810810810810811,0.5405405405405406,0.35135135135135137,0.1875,0.578125,0.234375
8168,Pontons,40,192,54,27,162,48,67,354,102,523,286,237,0.12810707456978968,0.6768642447418738,0.1950286806883365,0.13986013986013987,0.6713286713286714,0.1888111888111888,0.11392405063291139,0.6835443037974683,0.20253164556962025
17136,Pontós,20,98,27,15,75,29,35,173,56,264,145,119,0.13257575757575757,0.6553030303030303,0.21212121212121213,0.13793103448275862,0.6758620689655173,0.18620689655172415,0.12605042016806722,0.6302521008403361,0.24369747899159663
25172,Ponts,198,890,250,169,798,324,367,1688,574,2629,1338,1291,0.1395968048687714,0.6420692278432865,0.2183339672879422,0.14798206278026907,0.6651718983557549,0.18684603886397608,0.13090627420604184,0.6181254841208366,0.2509682416731216
17137,Porqueres,377,1556,384,373,1539,472,750,3095,856,4701,2317,2384,0.1595405232929164,0.658370559455435,0.18208891725164858,0.16271040138109624,0.6715580492015537,0.16573154941735002,0.15645973154362416,0.6455536912751678,0.19798657718120805
43114,Porrera,19,165,40,20,121,63,39,286,103,428,224,204,0.0911214953271028,0.6682242990654206,0.24065420560747663,0.08482142857142858,0.7366071428571429,0.17857142857142858,0.09803921568627451,0.5931372549019608,0.3088235294117647
17140,"Port de la Selva, el",60,330,134,52,297,137,112,627,271,1010,524,486,0.11089108910891089,0.6207920792079208,0.26831683168316833,0.11450381679389313,0.6297709923664122,0.25572519083969464,0.10699588477366255,0.6111111111111112,0.28189300411522633
17138,Portbou,41,340,166,51,289,208,92,629,374,1095,547,548,0.08401826484018265,0.5744292237442923,0.3415525114155251,0.07495429616087751,0.6215722120658135,0.30347349177330896,0.09306569343065693,0.5273722627737226,0.3795620437956204
25174,"Portella, la",45,282,82,38,216,64,83,498,146,727,409,318,0.11416781292984869,0.6850068775790922,0.20082530949105915,0.1100244498777506,0.6894865525672371,0.20048899755501223,0.11949685534591195,0.6792452830188679,0.20125786163522014
43115,Pradell de la Teixeta,5,47,26,9,54,23,14,101,49,164,78,86,0.08536585365853659,0.6158536585365854,0.29878048780487804,0.0641025641025641,0.6025641025641025,0.3333333333333333,0.10465116279069768,0.627906976744186,0.26744186046511625
43116,Prades,38,211,73,25,176,79,63,387,152,602,322,280,0.10465116279069768,0.6428571428571429,0.25249169435215946,0.11801242236024845,0.65527950310559,0.2267080745341615,0.08928571428571429,0.6285714285714286,0.28214285714285714
43117,Prat de Comte,6,66,26,10,44,34,16,110,60,186,98,88,0.08602150537634409,0.5913978494623656,0.3225806451612903,0.061224489795918366,0.673469387755102,0.2653061224489796,0.11363636363636363,0.5,0.38636363636363635
8169,"Prat de Llobregat, el",4988,21556,5529,4844,21322,7293,9832,42878,12822,65532,32073,33459,0.15003357138497223,0.6543062931087102,0.19566013550631753,0.1555202194992673,0.6720917906026876,0.17238798989804507,0.1447742012612451,0.6372575390776771,0.21796825966107775
43118,Pratdip,36,219,98,42,188,97,78,407,195,680,353,327,0.11470588235294117,0.5985294117647059,0.2867647058823529,0.10198300283286119,0.6203966005665722,0.2776203966005666,0.12844036697247707,0.5749235474006116,0.2966360856269113
8171,Prats de Lluçanès,167,873,280,167,808,339,334,1681,619,2634,1320,1314,0.12680334092634776,0.6381928625664389,0.23500379650721337,0.12651515151515152,0.6613636363636364,0.21212121212121213,0.12709284627092846,0.6149162861491628,0.2579908675799087
8170,"Prats de Rei, els",47,195,54,31,153,71,78,348,125,551,296,255,0.14156079854809436,0.631578947368421,0.22686025408348456,0.15878378378378377,0.6587837837837838,0.18243243243243243,0.12156862745098039,0.6,0.2784313725490196
25175,Prats i Sansor,9,99,24,16,75,28,25,174,52,251,132,119,0.099601593625498,0.6932270916334662,0.20717131474103587,0.06818181818181818,0.75,0.18181818181818182,0.13445378151260504,0.6302521008403361,0.23529411764705882
25176,Preixana,22,128,57,23,100,61,45,228,118,391,207,184,0.11508951406649616,0.5831202046035806,0.30179028132992325,0.10628019323671498,0.6183574879227053,0.2753623188405797,0.125,0.5434782608695652,0.33152173913043476
25177,Preixens,23,124,64,28,105,77,51,229,141,421,211,210,0.12114014251781473,0.5439429928741093,0.334916864608076,0.10900473933649289,0.5876777251184834,0.3033175355450237,0.13333333333333333,0.5,0.36666666666666664
8230,Premià de Dalt,837,3455,911,774,3405,1037,1611,6860,1948,10419,5203,5216,0.1546213648142816,0.6584125155965064,0.18696611958921203,0.160868729579089,0.6640399769363828,0.17509129348452815,0.14838957055214724,0.6527990797546013,0.19881134969325154
8172,Premià de Mar,2060,9430,2412,1955,9275,3391,4015,18705,5803,28523,13902,14621,0.1407635942923255,0.6557865582161764,0.20344984749149808,0.14818011796863761,0.6783196662350741,0.1735002157962883,0.13371178441967033,0.6343615347787429,0.23192668080158677
17139,"Preses, les",152,623,154,155,599,192,307,1222,346,1875,929,946,0.16373333333333334,0.6517333333333334,0.18453333333333333,0.16361679224973089,0.6706135629709364,0.16576964477933262,0.1638477801268499,0.6331923890063424,0.2029598308668076
25179,Prullans,18,69,28,16,89,26,34,158,54,246,115,131,0.13821138211382114,0.6422764227642277,0.21951219512195122,0.1565217391304348,0.6,0.24347826086956523,0.12213740458015267,0.6793893129770993,0.1984732824427481
17141,Puigcerdà,685,3397,651,671,3266,848,1356,6663,1499,9518,4733,4785,0.14246690481193527,0.7000420256356378,0.15749106955242698,0.1447285020071836,0.7177266004648215,0.13754489752799492,0.14022988505747128,0.6825496342737722,0.17722048066875654
8174,Puigdàlber,41,185,39,65,171,50,106,356,89,551,265,286,0.19237749546279492,0.6460980036297641,0.16152450090744103,0.15471698113207547,0.6981132075471698,0.1471698113207547,0.22727272727272727,0.5979020979020979,0.17482517482517482
25180,Puiggròs,16,90,28,14,72,45,30,162,73,265,134,131,0.11320754716981132,0.6113207547169811,0.27547169811320754,0.11940298507462686,0.6716417910447762,0.208955223880597,0.10687022900763359,0.549618320610687,0.3435114503816794
43119,Puigpelat,119,445,65,94,398,75,213,843,140,1196,629,567,0.17809364548494983,0.7048494983277592,0.11705685618729098,0.1891891891891892,0.7074721780604134,0.10333863275039745,0.1657848324514991,0.7019400352733686,0.13227513227513227
8175,Puig-reig,284,1368,468,257,1307,605,541,2675,1073,4289,2120,2169,0.1261366285847517,0.6236885054791327,0.25017486593611565,0.1339622641509434,0.6452830188679245,0.22075471698113208,0.11848778238819732,0.6025818349469801,0.2789303826648225
25181,Puigverd d'Agramunt,14,87,30,10,61,28,24,148,58,230,131,99,0.10434782608695652,0.6434782608695652,0.25217391304347825,0.10687022900763359,0.6641221374045801,0.22900763358778625,0.10101010101010101,0.6161616161616161,0.2828282828282828
25182,Puigverd de Lleida,101,498,112,93,427,153,194,925,265,1384,711,673,0.14017341040462428,0.6683526011560693,0.19147398843930635,0.1420534458509142,0.70042194092827,0.15752461322081576,0.13818722139673106,0.6344725111441307,0.22734026745913818
8176,Pujalt,23,64,27,12,57,23,35,121,50,206,114,92,0.16990291262135923,0.587378640776699,0.24271844660194175,0.20175438596491227,0.5614035087719298,0.23684210526315788,0.13043478260869565,0.6195652173913043,0.25
8177,"Quar, la",5,14,9,2,14,7,7,28,16,51,28,23,0.13725490196078433,0.5490196078431373,0.3137254901960784,0.17857142857142858,0.5,0.32142857142857145,0.08695652173913043,0.6086956521739131,0.30434782608695654
17142,Quart,421,1263,267,407,1207,291,828,2470,558,3856,1951,1905,0.21473029045643152,0.6405601659751037,0.14470954356846474,0.2157867760123014,0.6473603280369041,0.13685289595079447,0.2136482939632546,0.6335958005249344,0.15275590551181104
17043,Queralbs,7,68,24,5,64,23,12,132,47,191,99,92,0.06282722513089005,0.6910994764397905,0.24607329842931938,0.0707070707070707,0.6868686868686869,0.24242424242424243,0.05434782608695652,0.6956521739130435,0.25
43120,Querol,33,196,76,27,156,56,60,352,132,544,305,239,0.11029411764705882,0.6470588235294118,0.2426470588235294,0.10819672131147541,0.6426229508196721,0.24918032786885247,0.11297071129707113,0.6527196652719666,0.23430962343096234
17143,Rabós,12,66,21,15,64,28,27,130,49,206,99,107,0.13106796116504854,0.6310679611650486,0.23786407766990292,0.12121212121212122,0.6666666666666666,0.21212121212121213,0.14018691588785046,0.5981308411214953,0.2616822429906542
8178,Rajadell,33,185,60,44,175,52,77,360,112,549,278,271,0.14025500910746813,0.6557377049180327,0.2040072859744991,0.11870503597122302,0.6654676258992805,0.2158273381294964,0.16236162361623616,0.6457564575645757,0.1918819188191882
43136,"Ràpita, la",945,4816,1551,947,4803,1869,1892,9619,3420,14931,7312,7619,0.12671622798205076,0.6442301252427834,0.22905364677516576,0.12923960612691465,0.6586433260393874,0.21211706783369802,0.12429452684079276,0.6303976899855624,0.24530778317364482
43121,Rasquera,50,241,129,45,240,141,95,481,270,846,420,426,0.11229314420803782,0.5685579196217494,0.3191489361702128,0.11904761904761904,0.5738095238095238,0.30714285714285716,0.1056338028169014,0.5633802816901409,0.33098591549295775
17144,Regencós,14,102,35,20,81,30,34,183,65,282,151,131,0.12056737588652482,0.648936170212766,0.23049645390070922,0.09271523178807947,0.6754966887417219,0.23178807947019867,0.15267175572519084,0.6183206106870229,0.22900763358778625
8179,Rellinars,57,325,66,80,278,62,137,603,128,868,448,420,0.1578341013824885,0.6947004608294931,0.14746543778801843,0.12723214285714285,0.7254464285714286,0.14732142857142858,0.19047619047619047,0.6619047619047619,0.14761904761904762
43122,Renau,17,60,6,14,51,7,31,111,13,155,83,72,0.2,0.7161290322580646,0.08387096774193549,0.20481927710843373,0.7228915662650602,0.07228915662650602,0.19444444444444445,0.7083333333333334,0.09722222222222222
43123,Reus,8843,34158,8297,8426,35226,11134,17269,69384,19431,106084,51298,54786,0.16278609403868632,0.6540477357565703,0.1831661702047434,0.17238488829973878,0.6658739132129907,0.16174119848727045,0.15379841565363414,0.6429744825320337,0.20322710181433212
25183,Rialp,39,245,43,39,231,61,78,476,104,658,327,331,0.11854103343465046,0.723404255319149,0.1580547112462006,0.11926605504587157,0.7492354740061162,0.13149847094801223,0.11782477341389729,0.6978851963746223,0.18429003021148035
43124,"Riba, la",33,199,78,25,156,84,58,355,162,575,310,265,0.10086956521739131,0.6173913043478261,0.2817391304347826,0.1064516129032258,0.6419354838709678,0.25161290322580643,0.09433962264150944,0.5886792452830188,0.3169811320754717
43125,Riba-roja d'Ebre,47,382,166,52,284,186,99,666,352,1117,595,522,0.08863025962399283,0.5962399283795882,0.315129811996419,0.07899159663865546,0.6420168067226891,0.27899159663865547,0.09961685823754789,0.5440613026819924,0.3563218390804598
25905,Ribera d'Ondara,23,139,57,22,128,62,45,267,119,431,219,212,0.10440835266821345,0.6194895591647331,0.27610208816705334,0.1050228310502283,0.634703196347032,0.2602739726027397,0.10377358490566038,0.6037735849056604,0.29245283018867924
25185,Ribera d'Urgellet,63,339,87,67,293,98,130,632,185,947,489,458,0.13727560718057022,0.6673706441393875,0.19535374868004224,0.12883435582822086,0.6932515337423313,0.17791411042944785,0.1462882096069869,0.6397379912663755,0.21397379912663755
17145,Ribes de Freser,98,578,218,76,537,280,174,1115,498,1787,894,893,0.09736989367655288,0.6239507554560716,0.2786793508673755,0.10961968680089486,0.6465324384787472,0.24384787472035793,0.0851063829787234,0.6013437849944009,0.3135498320268757
17146,Riells i Viabrea,315,1524,312,288,1486,343,603,3010,655,4268,2151,2117,0.14128397375820057,0.7052483598875351,0.1534676663542643,0.14644351464435146,0.708507670850767,0.14504881450488144,0.1360415682569674,0.701936702881436,0.1620217288615966
43126,"Riera de Gaià, la",167,575,122,169,555,149,336,1130,271,1737,864,873,0.19343696027633853,0.6505469199769718,0.1560161197466897,0.19328703703703703,0.6655092592592593,0.1412037037037037,0.19358533791523483,0.6357388316151202,0.1706758304696449
25186,Riner,24,80,35,29,72,41,53,152,76,281,139,142,0.18861209964412812,0.5409252669039146,0.2704626334519573,0.17266187050359713,0.5755395683453237,0.2517985611510791,0.20422535211267606,0.5070422535211268,0.2887323943661972
17147,Ripoll,750,3468,1111,698,3255,1439,1448,6723,2550,10721,5329,5392,0.13506202779591456,0.6270870254640425,0.2378509467400429,0.140739350722462,0.6507787577406643,0.20848189153687371,0.12945103857566764,0.6036721068249258,0.2668768545994065
8180,Ripollet,3371,13355,2624,3196,13146,3447,6567,26501,6071,39139,19350,19789,0.16778660670942028,0.6770995682056261,0.15511382508495364,0.17421188630490955,0.6901808785529716,0.13560723514211886,0.16150386578402143,0.6643084541917227,0.1741876800242559
25913,Riu de Cerdanya,4,35,17,1,25,11,5,60,28,93,56,37,0.053763440860215055,0.6451612903225806,0.3010752688172043,0.07142857142857142,0.625,0.30357142857142855,0.02702702702702703,0.6756756756756757,0.2972972972972973
17148,Riudarenes,180,796,211,172,709,215,352,1505,426,2283,1187,1096,0.15418309242225142,0.6592203241349102,0.18659658344283836,0.15164279696714406,0.6705981465880371,0.17775905644481887,0.15693430656934307,0.6468978102189781,0.19616788321167883
17149,Riudaura,40,174,39,52,158,48,92,332,87,511,253,258,0.18003913894324852,0.649706457925636,0.17025440313111545,0.15810276679841898,0.6877470355731226,0.1541501976284585,0.20155038759689922,0.6124031007751938,0.18604651162790697
43127,Riudecanyes,105,426,104,84,362,113,189,788,217,1194,635,559,0.15829145728643215,0.6599664991624791,0.18174204355108878,0.16535433070866143,0.6708661417322834,0.16377952755905512,0.15026833631484796,0.6475849731663685,0.20214669051878353
43128,Riudecols,78,444,109,83,390,121,161,834,230,1225,631,594,0.13142857142857142,0.6808163265306122,0.18775510204081633,0.12361331220285261,0.7036450079239303,0.17274167987321712,0.13973063973063973,0.6565656565656566,0.2037037037037037
17150,Riudellots de la Selva,170,706,173,149,683,195,319,1389,368,2076,1049,1027,0.15366088631984587,0.6690751445086706,0.17726396917148363,0.16205910390848427,0.67302192564347,0.16491897044804577,0.1450827653359299,0.6650438169425511,0.189873417721519
43129,Riudoms,590,2176,598,490,2057,706,1080,4233,1304,6617,3364,3253,0.1632159588937585,0.6397158833308145,0.19706815777542694,0.17538644470868014,0.6468489892984542,0.17776456599286564,0.15063018751921303,0.6323393790347371,0.2170304334460498
17151,Riumors,17,86,24,12,74,31,29,160,55,244,127,117,0.11885245901639344,0.6557377049180327,0.22540983606557377,0.13385826771653545,0.6771653543307087,0.1889763779527559,0.10256410256410256,0.6324786324786325,0.26495726495726496
8181,"Roca del Vallès, la",850,3698,786,810,3586,946,1660,7284,1732,10676,5334,5342,0.1554889471712252,0.6822780067440989,0.1622330460846759,0.15935508061492312,0.6932883389576303,0.14735658042744657,0.15162860351928117,0.6712841632347435,0.17708723324597528
43130,Rocafort de Queralt,16,74,33,12,57,38,28,131,71,230,123,107,0.12173913043478261,0.5695652173913044,0.30869565217391304,0.13008130081300814,0.6016260162601627,0.2682926829268293,0.11214953271028037,0.5327102803738317,0.35514018691588783
43131,Roda de Berà,556,2373,724,495,2164,815,1051,4537,1539,7127,3653,3474,0.14746737757822365,0.6365932369861091,0.21593938543566718,0.1522036682179031,0.6496030659731727,0.19819326580892418,0.14248704663212436,0.6229130685089235,0.23459988485895222
8183,Roda de Ter,524,2189,504,500,2072,660,1024,4261,1164,6449,3217,3232,0.15878430764459606,0.6607225926500233,0.1804930997053807,0.16288467516319552,0.6804476220080821,0.15666770282872242,0.1547029702970297,0.6410891089108911,0.2042079207920792
43132,Rodonyà,38,192,43,24,153,57,62,345,100,507,273,234,0.1222879684418146,0.6804733727810651,0.19723865877712032,0.1391941391941392,0.7032967032967034,0.1575091575091575,0.10256410256410256,0.6538461538461539,0.24358974358974358
43133,Roquetes,667,2869,671,628,2523,801,1295,5392,1472,8159,4207,3952,0.15872043142541978,0.6608653021203579,0.18041426645422234,0.15854528167340148,0.6819586403613026,0.15949607796529594,0.15890688259109312,0.6384109311740891,0.20268218623481782
17152,Roses,1609,6845,1652,1464,6383,1968,3073,13228,3620,19921,10106,9815,0.15425932433110787,0.6640228904171477,0.1817177852517444,0.15921234909954482,0.677320403720562,0.16346724717989314,0.14915944982170148,0.6503311258278146,0.20050942435048397
25189,Rosselló,260,1158,209,260,1015,284,520,2173,493,3186,1627,1559,0.16321406151914628,0.6820464532328939,0.15473948524795983,0.15980331899200984,0.7117393976644131,0.12845728334357714,0.1667735728030789,0.6510583707504811,0.18216805644644002
43134,"Rourell, el",35,138,32,28,136,33,63,274,65,402,205,197,0.15671641791044777,0.681592039800995,0.16169154228855723,0.17073170731707318,0.6731707317073171,0.15609756097560976,0.14213197969543148,0.6903553299492385,0.16751269035532995
8184,Rubí,6490,26785,5507,6249,26396,7122,12739,53181,12629,78549,38782,39767,0.1621790220117379,0.6770423557269984,0.16077862226126366,0.16734567582899282,0.690655458717962,0.14199886545304521,0.15714034249503356,0.6637664395101466,0.17909321799481984
8185,Rubió,21,85,34,10,60,26,31,145,60,236,140,96,0.13135593220338984,0.614406779661017,0.2542372881355932,0.15,0.6071428571428571,0.24285714285714285,0.10416666666666667,0.625,0.2708333333333333
17153,Rupià,25,89,34,28,89,31,53,178,65,296,148,148,0.17905405405405406,0.6013513513513513,0.2195945945945946,0.16891891891891891,0.6013513513513513,0.22972972972972974,0.1891891891891892,0.6013513513513513,0.20945945945945946
8901,Rupit i Pruit,13,93,43,18,75,54,31,168,97,296,149,147,0.10472972972972973,0.5675675675675675,0.3277027027027027,0.087248322147651,0.6241610738255033,0.28859060402684567,0.12244897959183673,0.5102040816326531,0.3673469387755102
8187,Sabadell,17250,70864,16962,16290,71203,23635,33540,142067,40597,216204,105076,111128,0.15513126491646778,0.6570970009805555,0.18777173410297682,0.16416688872815866,0.6744070958163615,0.16142601545547985,0.14658771866676265,0.6407296090994169,0.21268267223382045
8188,Sagàs,14,53,12,10,48,14,24,101,26,151,79,72,0.15894039735099338,0.6688741721854304,0.17218543046357615,0.17721518987341772,0.6708860759493671,0.1518987341772152,0.1388888888888889,0.6666666666666666,0.19444444444444445
25190,Salàs de Pallars,24,110,53,21,95,40,45,205,93,343,187,156,0.13119533527696792,0.597667638483965,0.27113702623906705,0.12834224598930483,0.5882352941176471,0.28342245989304815,0.1346153846153846,0.6089743589743589,0.2564102564102564
8190,Saldes,4,100,59,9,70,41,13,170,100,283,163,120,0.045936395759717315,0.6007067137809188,0.35335689045936397,0.024539877300613498,0.6134969325153374,0.3619631901840491,0.075,0.5833333333333334,0.3416666666666667
17154,Sales de Llierca,10,55,14,15,59,11,25,114,25,164,79,85,0.1524390243902439,0.6951219512195121,0.1524390243902439,0.12658227848101267,0.6962025316455697,0.17721518987341772,0.17647058823529413,0.6941176470588235,0.12941176470588237
8191,Sallent,452,2044,753,452,2046,970,904,4090,1723,6717,3249,3468,0.13458389161828196,0.6089027839809439,0.2565133244007742,0.13911972914742998,0.6291166512773161,0.23176361957525393,0.1303344867358708,0.5899653979238755,0.27970011534025374
43135,Salomó,40,189,51,47,158,59,87,347,110,544,280,264,0.15992647058823528,0.6378676470588235,0.20220588235294118,0.14285714285714285,0.675,0.18214285714285713,0.17803030303030304,0.5984848484848485,0.22348484848484848
43905,Salou,2273,10640,1760,2096,9653,2090,4369,20293,3850,28512,14673,13839,0.15323372615039282,0.7117354096520763,0.13503086419753085,0.1549103796088053,0.7251414162066381,0.11994820418455666,0.15145603005997543,0.697521497218007,0.1510224727220175
17155,Salt,3396,11785,1745,3114,9900,2290,6510,21685,4035,32230,16926,15304,0.2019857275829972,0.6728203537077257,0.12519391870927707,0.20063807160581354,0.696266099491906,0.10309582890228051,0.2034762153685311,0.6468897020386827,0.1496340825927862
25191,Sanaüja,20,133,54,17,110,62,37,243,116,396,207,189,0.09343434343434344,0.6136363636363636,0.29292929292929293,0.0966183574879227,0.642512077294686,0.2608695652173913,0.08994708994708994,0.582010582010582,0.328042328042328
8194,Sant Adrià de Besòs,3088,12621,2648,2895,12228,3803,5983,24849,6451,37283,18357,18926,0.16047528364133787,0.6664967947858274,0.1730279215728348,0.16821920793157924,0.6875306422618075,0.14425014980661327,0.15296417626545494,0.6460953186093205,0.20094050512522457
8195,Sant Agustí de Lluçanès,4,32,11,8,26,11,12,58,22,92,47,45,0.13043478260869565,0.6304347826086957,0.2391304347826087,0.0851063829787234,0.6808510638297872,0.23404255319148937,0.17777777777777778,0.5777777777777777,0.24444444444444444
8196,Sant Andreu de la Barca,2342,9290,1785,2304,9007,2447,4646,18297,4232,27175,13417,13758,0.17096596136154554,0.6733026678932843,0.15573137074517018,0.17455466944920622,0.6924051576358351,0.13304017291495862,0.16746620148277366,0.6546736444250618,0.17786015409216455
8197,Sant Andreu de Llavaneres,855,3748,915,796,3752,1084,1651,7500,1999,11150,5518,5632,0.14807174887892377,0.672645739910314,0.17928251121076233,0.15494744472635014,0.6792316056542226,0.16582094961942734,0.14133522727272727,0.6661931818181818,0.1924715909090909
17157,Sant Andreu Salou,13,49,14,9,48,23,22,97,37,156,76,80,0.14102564102564102,0.6217948717948718,0.23717948717948717,0.17105263157894737,0.6447368421052632,0.18421052631578946,0.1125,0.6,0.2875
17183,Sant Aniol de Finestres,22,121,36,26,109,39,48,230,75,353,179,174,0.1359773371104816,0.6515580736543909,0.21246458923512748,0.12290502793296089,0.6759776536312849,0.2011173184357542,0.14942528735632185,0.6264367816091954,0.22413793103448276
8198,Sant Antoni de Vilamajor,535,2172,466,515,2181,514,1050,4353,980,6383,3173,3210,0.16449945166849445,0.6819677267742441,0.15353282155726147,0.16861014812480302,0.684525685471163,0.14686416640403405,0.16043613707165108,0.6794392523364486,0.1601246105919003
8199,Sant Bartomeu del Grau,86,304,95,62,266,100,148,570,195,913,485,428,0.16210295728368018,0.624315443592552,0.21358159912376778,0.177319587628866,0.6268041237113402,0.1958762886597938,0.14485981308411214,0.6214953271028038,0.2336448598130841
8200,Sant Boi de Llobregat,6458,27433,6932,6055,27482,9395,12513,54915,16327,83755,40823,42932,0.14940003581875708,0.6556623485165065,0.19493761566473644,0.1581951350954119,0.6719986282242854,0.16980623668030276,0.14103698872635795,0.640128575421597,0.2188344358520451
8201,Sant Boi de Lluçanès,21,179,93,29,145,106,50,324,199,573,293,280,0.08726003490401396,0.5654450261780105,0.3472949389179756,0.07167235494880546,0.6109215017064846,0.3174061433447099,0.10357142857142858,0.5178571428571429,0.37857142857142856
8203,Sant Cebrià de Vallalta,295,1283,280,311,1129,272,606,2412,552,3570,1858,1712,0.16974789915966387,0.6756302521008404,0.1546218487394958,0.158772874058127,0.6905274488697524,0.15069967707212056,0.1816588785046729,0.6594626168224299,0.1588785046728972
8202,Sant Celoni,1509,6144,1410,1429,5839,1845,2938,11983,3255,18176,9063,9113,0.1616417253521127,0.6592759683098591,0.17908230633802816,0.16650115855676928,0.6779212181396889,0.15557762330354188,0.1568089542411939,0.6407330187644025,0.2024580269944036
8204,Sant Climent de Llobregat,383,1441,275,344,1452,298,727,2893,573,4193,2099,2094,0.17338421178154068,0.6899594562365848,0.13665633198187455,0.1824678418294426,0.6865173892329681,0.13101476893758932,0.16427889207258833,0.6934097421203438,0.14231136580706782
17158,Sant Climent Sescebes,40,338,54,47,162,71,87,500,125,712,432,280,0.12219101123595505,0.702247191011236,0.175561797752809,0.09259259259259259,0.7824074074074074,0.125,0.16785714285714284,0.5785714285714286,0.25357142857142856
8205,Sant Cugat del Vallès,8945,30815,5951,8358,32401,7542,17303,63216,13493,94012,45711,48301,0.1840509722163128,0.6724247968344467,0.14352423094924052,0.19568593992693226,0.6741265778477828,0.13018748222528495,0.17303989565433428,0.6708142688557173,0.15614583548994845
8206,Sant Cugat Sesgarrigues,78,320,96,89,316,105,167,636,201,1004,494,510,0.16633466135458166,0.6334661354581673,0.20019920318725098,0.15789473684210525,0.6477732793522267,0.19433198380566802,0.17450980392156862,0.6196078431372549,0.20588235294117646
25196,Sant Esteve de la Sarga,2,44,28,3,30,15,5,74,43,122,74,48,0.040983606557377046,0.6065573770491803,0.3524590163934426,0.02702702702702703,0.5945945945945946,0.3783783783783784,0.0625,0.625,0.3125
8207,Sant Esteve de Palautordera,269,991,218,240,1059,220,509,2050,438,2997,1478,1519,0.1698365031698365,0.6840173506840174,0.14614614614614616,0.18200270635994586,0.6705006765899865,0.14749661705006767,0.15799868334430547,0.6971691902567478,0.1448321263989467
8208,Sant Esteve Sesrovires,611,2713,586,575,2600,686,1186,5313,1272,7771,3910,3861,0.15261871059065757,0.6836957920473555,0.16368549736198687,0.15626598465473146,0.6938618925831203,0.14987212276214834,0.14892514892514894,0.6734006734006734,0.17767417767417767
17159,Sant Feliu de Buixalleu,41,282,92,60,247,86,101,529,178,808,415,393,0.125,0.6547029702970297,0.2202970297029703,0.09879518072289156,0.6795180722891566,0.2216867469879518,0.15267175572519084,0.628498727735369,0.21882951653944022
8210,Sant Feliu de Codines,505,2288,441,439,2137,596,944,4425,1037,6406,3234,3172,0.14736184826724946,0.6907586637527318,0.16187948798001872,0.15615337043908473,0.7074829931972789,0.13636363636363635,0.13839848675914249,0.6737074401008827,0.18789407313997478
17160,Sant Feliu de Guíxols,1670,7236,2002,1613,7158,2531,3283,14394,4533,22210,10908,11302,0.14781629896443044,0.6480864475461504,0.20409725348941918,0.1530986431976531,0.6633663366336634,0.18353502016868353,0.14271810299062113,0.6333392319943373,0.2239426650150416
8211,Sant Feliu de Llobregat,3458,14823,3808,3307,15026,5041,6765,29849,8849,45463,22089,23374,0.14880232276796515,0.6565558806062073,0.1946417966258276,0.15654850830730227,0.6710579926660328,0.17239349902666484,0.14148198853426885,0.6428510310601523,0.21566698040557886
17161,Sant Feliu de Pallerols,119,473,144,99,446,175,218,919,319,1456,736,720,0.14972527472527472,0.6311813186813187,0.2190934065934066,0.16168478260869565,0.6426630434782609,0.1956521739130435,0.1375,0.6194444444444445,0.24305555555555555
8212,Sant Feliu Sasserra,56,195,78,38,162,88,94,357,166,617,329,288,0.15235008103727715,0.5786061588330632,0.26904376012965964,0.1702127659574468,0.5927051671732523,0.23708206686930092,0.13194444444444445,0.5625,0.3055555555555556
17162,Sant Ferriol,24,81,26,24,67,25,48,148,51,247,131,116,0.19433198380566802,0.5991902834008097,0.20647773279352227,0.183206106870229,0.6183206106870229,0.1984732824427481,0.20689655172413793,0.5775862068965517,0.21551724137931033
8209,Sant Fost de Campsentelles,637,2994,847,614,2892,1013,1251,5886,1860,8997,4478,4519,0.13904634878292765,0.6542180726908969,0.20673557852617538,0.14225100491290754,0.668602054488611,0.18914694059848147,0.13587076786899757,0.6399645939367117,0.22416463819429078
8213,Sant Fruitós de Bages,744,3011,646,721,3007,807,1465,6018,1453,8936,4401,4535,0.16394359892569382,0.673455684870188,0.16260071620411817,0.169052488070893,0.6841626902976596,0.1467848216314474,0.1589856670341786,0.6630650496141125,0.17794928335170893
17163,Sant Gregori,399,1343,324,350,1259,337,749,2602,661,4012,2066,1946,0.18668993020937188,0.6485543369890329,0.16475573280159522,0.1931268151016457,0.6500484027105518,0.15682478218780252,0.17985611510791366,0.6469681397738952,0.17317574511819117
25192,Sant Guim de Freixenet,74,356,121,72,290,146,146,646,267,1059,551,508,0.13786591123701605,0.6100094428706326,0.2521246458923513,0.13430127041742287,0.6460980036297641,0.21960072595281308,0.14173228346456693,0.5708661417322834,0.2874015748031496
25197,Sant Guim de la Plana,9,67,25,5,50,28,14,117,53,184,101,83,0.07608695652173914,0.6358695652173914,0.28804347826086957,0.0891089108910891,0.6633663366336634,0.24752475247524752,0.060240963855421686,0.6024096385542169,0.3373493975903614
17164,Sant Hilari Sacalm,421,1918,564,456,1748,651,877,3666,1215,5758,2903,2855,0.1523098298020146,0.636679402570337,0.21101076762764848,0.14502239063038236,0.6606958318980365,0.19428177747158112,0.15971978984238178,0.6122591943957969,0.22802101576182138
8215,Sant Hipòlit de Voltregà,284,1222,282,234,1139,386,518,2361,668,3547,1788,1759,0.14603890611784606,0.6656329292359741,0.18832816464617988,0.15883668903803133,0.6834451901565995,0.15771812080536912,0.13303013075611142,0.6475270039795338,0.21944286526435475
8193,Sant Iscle de Vallalta,135,533,105,115,444,106,250,977,211,1438,773,665,0.17385257301808066,0.6794158553546592,0.14673157162726008,0.17464424320827943,0.6895213454075032,0.13583441138421734,0.17293233082706766,0.6676691729323309,0.1593984962406015
43902,Sant Jaume d'Enveja,210,1153,412,237,1082,458,447,2235,870,3552,1775,1777,0.1258445945945946,0.629222972972973,0.24493243243243243,0.11830985915492957,0.6495774647887324,0.23211267605633804,0.13337084974676422,0.6088913899831176,0.2577377602701182
8216,Sant Jaume de Frontanyà,2,7,8,1,7,3,3,14,11,28,17,11,0.10714285714285714,0.5,0.39285714285714285,0.11764705882352941,0.4117647058823529,0.47058823529411764,0.09090909090909091,0.6363636363636364,0.2727272727272727
17165,Sant Jaume de Llierca,76,257,88,60,254,117,136,511,205,852,421,431,0.1596244131455399,0.5997652582159625,0.24061032863849766,0.18052256532066507,0.6104513064133017,0.20902612826603326,0.13921113689095127,0.5893271461716937,0.271461716937355
43137,Sant Jaume dels Domenys,249,904,216,234,823,240,483,1727,456,2666,1369,1297,0.1811702925731433,0.6477869467366841,0.17104276069017255,0.18188458728999268,0.660336011687363,0.15777940102264426,0.18041634541249035,0.6345412490362374,0.18504240555127216
17167,Sant Joan de les Abadesses,201,1008,404,197,929,511,398,1937,915,3250,1613,1637,0.12246153846153846,0.596,0.2815384615384615,0.12461252324860508,0.624922504649721,0.2504649721016739,0.12034208918753818,0.5675015271838729,0.3121563836285889
17168,Sant Joan de Mollet,37,168,43,45,156,52,82,324,95,501,248,253,0.16367265469061876,0.6467065868263473,0.18962075848303392,0.14919354838709678,0.6774193548387096,0.17338709677419356,0.17786561264822134,0.616600790513834,0.20553359683794467
8218,Sant Joan de Vilatorrada,850,3658,930,786,3493,1154,1636,7151,2084,10871,5438,5433,0.15049213503817496,0.6578051697175973,0.19170269524422776,0.15630746598013975,0.6726737771239426,0.1710187568959176,0.14467145223633351,0.6429228787042149,0.2124056690594515
8217,Sant Joan Despí,2698,11249,2675,2543,11553,3412,5241,22802,6087,34130,16622,17508,0.15355991796073834,0.6680925871667155,0.17834749487254614,0.16231500421128625,0.6767536999157743,0.16093129587293947,0.1452478866803747,0.6598697738176833,0.19488233950194198
17185,Sant Joan les Fonts,239,972,336,215,900,388,454,1872,724,3050,1547,1503,0.14885245901639343,0.6137704918032787,0.23737704918032787,0.15449256625727215,0.6283128636069812,0.2171945701357466,0.1430472388556221,0.5988023952095808,0.25815036593479707
17166,Sant Jordi Desvalls,63,254,74,68,259,78,131,513,152,796,391,405,0.16457286432160803,0.6444723618090452,0.19095477386934673,0.16112531969309463,0.649616368286445,0.18925831202046037,0.16790123456790124,0.6395061728395062,0.1925925925925926
8903,Sant Julià de Cerdanyola,16,88,27,8,67,29,24,155,56,235,131,104,0.10212765957446808,0.6595744680851063,0.23829787234042554,0.12213740458015267,0.6717557251908397,0.20610687022900764,0.07692307692307693,0.6442307692307693,0.27884615384615385
17169,Sant Julià de Ramis,334,1233,251,319,1207,268,653,2440,519,3612,1818,1794,0.18078626799557032,0.6755260243632336,0.143687707641196,0.18371837183718373,0.6782178217821783,0.13806380638063806,0.1778149386845039,0.6727982162764772,0.14938684503901895
8220,Sant Julià de Vilatorta,256,1055,255,251,1036,299,507,2091,554,3152,1566,1586,0.1608502538071066,0.6633883248730964,0.17576142131979697,0.16347381864623245,0.6736909323116219,0.16283524904214558,0.15825977301387137,0.6532156368221942,0.1885245901639344
17903,Sant Julià del Llor i Bonmatí,100,464,103,116,417,114,216,881,217,1314,667,647,0.1643835616438356,0.6704718417047184,0.16514459665144596,0.14992503748125938,0.6956521739130435,0.15442278860569716,0.17928902627511592,0.6445131375579598,0.17619783616692428
8221,Sant Just Desvern,1759,6056,1516,1680,6350,2018,3439,12406,3534,19379,9331,10048,0.17746013726198462,0.6401775117395119,0.18236235099850354,0.18851141356767764,0.6490193977065695,0.16246918872575286,0.16719745222929935,0.6319665605095541,0.2008359872611465
8222,Sant Llorenç d'Hortons,185,868,191,205,812,198,390,1680,389,2459,1244,1215,0.15860105734038227,0.6832045546970313,0.15819438796258642,0.1487138263665595,0.6977491961414791,0.1535369774919614,0.16872427983539096,0.6683127572016461,0.16296296296296298
17171,Sant Llorenç de la Muga,17,96,26,14,83,31,31,179,57,267,139,128,0.11610486891385768,0.6704119850187266,0.21348314606741572,0.1223021582733813,0.6906474820143885,0.18705035971223022,0.109375,0.6484375,0.2421875
25193,Sant Llorenç de Morunys,55,296,132,66,287,149,121,583,281,985,483,502,0.12284263959390863,0.5918781725888325,0.28527918781725886,0.11387163561076605,0.6128364389233955,0.2732919254658385,0.13147410358565736,0.5717131474103586,0.2968127490039841
8223,Sant Llorenç Savall,174,832,256,180,786,286,354,1618,542,2514,1262,1252,0.14081145584725538,0.6435958631662689,0.21559268098647574,0.13787638668779714,0.659270998415214,0.20285261489698891,0.14376996805111822,0.6277955271565495,0.22843450479233227
8225,Sant Martí d'Albars,7,29,17,8,31,15,15,60,32,107,53,54,0.14018691588785046,0.5607476635514018,0.29906542056074764,0.1320754716981132,0.5471698113207547,0.32075471698113206,0.14814814814814814,0.5740740740740741,0.2777777777777778
8224,Sant Martí de Centelles,85,449,75,88,379,110,173,828,185,1186,609,577,0.14586846543001686,0.6981450252951096,0.15598650927487354,0.13957307060755336,0.7372742200328407,0.12315270935960591,0.15251299826689774,0.6568457538994801,0.19064124783362218
17172,Sant Martí de Llémena,59,224,57,53,226,44,112,450,101,663,340,323,0.1689291101055807,0.6787330316742082,0.15233785822021115,0.17352941176470588,0.6588235294117647,0.1676470588235294,0.16408668730650156,0.6996904024767802,0.13622291021671826
25902,Sant Martí de Riucorb,33,208,100,39,156,113,72,364,213,649,341,308,0.11093990755007704,0.5608628659476117,0.32819722650231126,0.0967741935483871,0.6099706744868035,0.2932551319648094,0.1266233766233766,0.5064935064935064,0.36688311688311687
8226,Sant Martí de Tous,116,409,109,111,372,119,227,781,228,1236,634,602,0.1836569579288026,0.6318770226537217,0.18446601941747573,0.1829652996845426,0.6451104100946372,0.1719242902208202,0.18438538205980065,0.6179401993355482,0.19767441860465115
8227,Sant Martí Sarroca,256,1078,282,261,1069,340,517,2147,622,3286,1616,1670,0.15733414485696895,0.6533779671332928,0.18928788800973828,0.15841584158415842,0.6670792079207921,0.1745049504950495,0.1562874251497006,0.640119760479042,0.20359281437125748
8228,Sant Martí Sesgueioles,24,128,30,14,111,37,38,239,67,344,182,162,0.11046511627906977,0.6947674418604651,0.19476744186046513,0.13186813186813187,0.7032967032967034,0.16483516483516483,0.08641975308641975,0.6851851851851852,0.22839506172839505
17173,Sant Martí Vell,9,98,23,16,70,28,25,168,51,244,130,114,0.10245901639344263,0.6885245901639344,0.20901639344262296,0.06923076923076923,0.7538461538461538,0.17692307692307693,0.14035087719298245,0.6140350877192983,0.24561403508771928
8229,Sant Mateu de Bages,38,192,85,32,163,104,70,355,189,614,315,299,0.11400651465798045,0.5781758957654723,0.30781758957654726,0.12063492063492064,0.6095238095238096,0.2698412698412698,0.10702341137123746,0.5451505016722408,0.34782608695652173
17174,Sant Miquel de Campmajor,19,92,23,16,69,24,35,161,47,243,134,109,0.1440329218106996,0.6625514403292181,0.1934156378600823,0.1417910447761194,0.6865671641791045,0.17164179104477612,0.14678899082568808,0.6330275229357798,0.22018348623853212
17175,Sant Miquel de Fluvià,60,258,72,60,234,71,120,492,143,755,390,365,0.15894039735099338,0.6516556291390728,0.18940397350993377,0.15384615384615385,0.6615384615384615,0.18461538461538463,0.1643835616438356,0.6410958904109589,0.19452054794520549
17176,Sant Mori,7,56,15,10,48,21,17,104,36,157,78,79,0.10828025477707007,0.6624203821656051,0.22929936305732485,0.08974358974358974,0.717948717948718,0.19230769230769232,0.12658227848101267,0.6075949367088608,0.26582278481012656
17177,Sant Pau de Segúries,53,214,92,45,214,107,98,428,199,725,359,366,0.13517241379310344,0.5903448275862069,0.27448275862068966,0.14763231197771587,0.596100278551532,0.2562674094707521,0.12295081967213115,0.5846994535519126,0.2923497267759563
8231,Sant Pere de Ribes,2547,10917,2263,2455,10644,2699,5002,21561,4962,31525,15727,15798,0.15866772402854878,0.6839333862014274,0.15739888977002378,0.16195078527373308,0.6941565460672728,0.14389266865899408,0.15539941764780352,0.6737561716672996,0.17084441068489684
8232,Sant Pere de Riudebitlles,217,775,226,182,720,291,399,1495,517,2411,1218,1193,0.16549149730402324,0.6200746578183326,0.21443384487764414,0.1781609195402299,0.6362889983579638,0.18555008210180624,0.15255658005029338,0.6035205364626991,0.24392288348700755
8233,Sant Pere de Torelló,204,833,249,160,740,302,364,1573,551,2488,1286,1202,0.14630225080385853,0.6322347266881029,0.2214630225080386,0.15863141524105753,0.6477449455676516,0.19362363919129083,0.13311148086522462,0.6156405990016639,0.2512479201331115
8234,Sant Pere de Vilamajor,372,1650,328,367,1574,380,739,3224,708,4671,2350,2321,0.15821023335474202,0.6902162277884821,0.15157353885677585,0.15829787234042553,0.7021276595744681,0.13957446808510637,0.15812149935372685,0.6781559672554933,0.16372253339077983
17178,Sant Pere Pescador,159,805,156,173,614,176,332,1419,332,2083,1120,963,0.15938550168026885,0.6812289966394623,0.15938550168026885,0.1419642857142857,0.71875,0.1392857142857143,0.17964693665628245,0.6375908618899273,0.18276220145379024
8189,Sant Pere Sallavinera,14,47,23,10,39,26,24,86,49,159,84,75,0.1509433962264151,0.5408805031446541,0.3081761006289308,0.16666666666666666,0.5595238095238095,0.27380952380952384,0.13333333333333333,0.52,0.3466666666666667
8235,Sant Pol de Mar,405,1802,543,382,1758,648,787,3560,1191,5538,2750,2788,0.14210906464427592,0.6428313470566992,0.2150595882990249,0.14727272727272728,0.6552727272727272,0.19745454545454547,0.13701578192252512,0.6305595408895266,0.23242467718794835
8236,Sant Quintí de Mediona,201,823,190,179,740,234,380,1563,424,2367,1214,1153,0.16054076890578792,0.6603295310519645,0.17912970004224757,0.1655683690280066,0.6779242174629324,0.15650741350906094,0.1552471812662619,0.6418039895923677,0.20294882914137033
8237,Sant Quirze de Besora,139,665,231,144,639,327,283,1304,558,2145,1035,1110,0.13193473193473193,0.607925407925408,0.2601398601398601,0.13429951690821257,0.642512077294686,0.22318840579710145,0.12972972972972974,0.5756756756756757,0.2945945945945946
8238,Sant Quirze del Vallès,1769,6686,1420,1711,6952,1618,3480,13638,3038,20156,9875,10281,0.17265330422702918,0.6766223457035127,0.15072435006945822,0.17913924050632912,0.6770632911392405,0.14379746835443039,0.16642349965956618,0.6761988133450053,0.15737768699542845
8239,Sant Quirze Safaja,53,257,51,58,201,40,111,458,91,660,361,299,0.16818181818181818,0.693939393939394,0.13787878787878788,0.14681440443213298,0.7119113573407202,0.14127423822714683,0.1939799331103679,0.6722408026755853,0.13377926421404682
25194,Sant Ramon,25,157,79,32,125,79,57,282,158,497,261,236,0.11468812877263582,0.5674044265593562,0.317907444668008,0.09578544061302682,0.6015325670498084,0.30268199233716475,0.13559322033898305,0.5296610169491526,0.3347457627118644
8240,Sant Sadurní d'Anoia,1066,4256,993,999,4268,1258,2065,8524,2251,12840,6315,6525,0.16082554517133957,0.6638629283489097,0.1753115264797508,0.16880443388756927,0.673950910530483,0.15724465558194775,0.15310344827586206,0.6540996168582376,0.19279693486590038
8241,Sant Sadurní d'Osormort,4,35,8,1,19,9,5,54,17,76,47,29,0.06578947368421052,0.7105263157894737,0.2236842105263158,0.0851063829787234,0.7446808510638298,0.1702127659574468,0.034482758620689655,0.6551724137931034,0.3103448275862069
8098,Sant Salvador de Guardiola,241,1140,265,248,1044,305,489,2184,570,3243,1646,1597,0.150786308973173,0.6734505087881592,0.1757631822386679,0.14641555285540706,0.692588092345079,0.16099635479951396,0.15529117094552286,0.6537257357545397,0.19098309329993737
8262,Sant Vicenç de Castellet,842,3316,801,725,3101,1083,1567,6417,1884,9868,4959,4909,0.15879610863396837,0.6502837454398054,0.1909201459262262,0.16979229683403912,0.6686832022585198,0.16152450090744103,0.14768792014666937,0.6316968832756162,0.2206151965777144
8264,Sant Vicenç de Montalt,522,2200,558,458,2196,589,980,4396,1147,6523,3280,3243,0.1502376207266595,0.6739230415453012,0.17583933772803925,0.15914634146341464,0.6707317073170732,0.1701219512195122,0.14122725871107,0.6771507863089732,0.18162195497995684
8265,Sant Vicenç de Torelló,173,691,167,135,697,214,308,1388,381,2077,1031,1046,0.14829080404429465,0.6682715454983149,0.18343765045739047,0.16779825412221144,0.6702230843840931,0.16197866149369544,0.12906309751434034,0.6663479923518164,0.2045889101338432
8263,Sant Vicenç dels Horts,2124,9701,2105,2044,9403,2738,4168,19104,4843,28115,13930,14185,0.14824826605015118,0.6794949315312111,0.17225680241863775,0.15247666905958362,0.6964106245513281,0.1511127063890883,0.14409587592527318,0.662883327458583,0.19302079661614382
43138,Santa Bàrbara,277,1254,397,267,1119,448,544,2373,845,3762,1928,1834,0.1446039340776183,0.6307814992025519,0.22461456671982988,0.14367219917012447,0.6504149377593361,0.2059128630705394,0.14558342420937842,0.6101417666303163,0.24427480916030533
8243,Santa Cecília de Voltregà,16,63,20,9,56,15,25,119,35,179,99,80,0.13966480446927373,0.664804469273743,0.19553072625698323,0.16161616161616163,0.6363636363636364,0.20202020202020202,0.1125,0.7,0.1875
8244,Santa Coloma de Cervelló,702,2831,508,735,2853,644,1437,5684,1152,8273,4041,4232,0.17369757040976672,0.687054272936057,0.13924815665417623,0.17371937639198218,0.7005691660480079,0.1257114575600099,0.17367674858223062,0.6741493383742911,0.15217391304347827
17180,Santa Coloma de Farners,1134,4640,1026,1119,4293,1247,2253,8933,2273,13459,6800,6659,0.16739728063006168,0.6637194442380563,0.168883275131882,0.16676470588235295,0.6823529411764706,0.15088235294117647,0.16804324973719778,0.64469139510437,0.1872653551584322
8245,Santa Coloma de Gramenet,9162,39888,9829,8727,38118,13565,17889,78006,23394,119289,58879,60410,0.14996353393858614,0.6539245026783693,0.19611196338304454,0.15560726235160244,0.6774571579001002,0.16693557974829737,0.14446283727859627,0.630988246978977,0.22454891574242675
43139,Santa Coloma de Queralt,199,870,275,172,817,369,371,1687,644,2702,1344,1358,0.13730569948186527,0.6243523316062176,0.23834196891191708,0.1480654761904762,0.6473214285714286,0.20461309523809523,0.12665684830633284,0.601620029455081,0.27172312223858613
17181,Santa Cristina d'Aro,422,1842,461,418,1744,521,840,3586,982,5408,2725,2683,0.15532544378698224,0.6630917159763313,0.1815828402366864,0.15486238532110091,0.6759633027522935,0.1691743119266055,0.15579575102497203,0.6500186358553858,0.1941856131196422
8246,Santa Eugènia de Berga,178,755,216,146,739,225,324,1494,441,2259,1149,1110,0.14342629482071714,0.6613545816733067,0.1952191235059761,0.15491731940818101,0.6570931244560487,0.18798955613577023,0.13153153153153152,0.6657657657657657,0.20270270270270271
8247,Santa Eulàlia de Riuprimer,147,468,90,140,449,115,287,917,205,1409,705,704,0.2036905606813343,0.6508161816891412,0.14549325762952448,0.20851063829787234,0.6638297872340425,0.1276595744680851,0.19886363636363635,0.6377840909090909,0.16335227272727273
8248,Santa Eulàlia de Ronçana,619,2554,609,597,2454,705,1216,5008,1314,7538,3782,3756,0.16131599893871054,0.664367206155479,0.17431679490581056,0.1636700158646219,0.6753040719196193,0.16102591221575885,0.15894568690095848,0.6533546325878594,0.1876996805111821
8249,Santa Fe del Penedès,28,129,26,27,133,35,55,262,61,378,183,195,0.1455026455026455,0.6931216931216931,0.16137566137566137,0.15300546448087432,0.7049180327868853,0.14207650273224043,0.13846153846153847,0.6820512820512821,0.1794871794871795
17182,Santa Llogaia d'Àlguema,34,134,25,32,120,33,66,254,58,378,193,185,0.1746031746031746,0.671957671957672,0.15343915343915343,0.17616580310880828,0.694300518134715,0.12953367875647667,0.17297297297297298,0.6486486486486487,0.1783783783783784
8250,Santa Margarida de Montbui,956,3407,782,858,3162,1027,1814,6569,1809,10192,5145,5047,0.1779827315541601,0.6445251177394035,0.17749215070643642,0.1858114674441205,0.6621963070942662,0.15199222546161323,0.1700019813750743,0.6265107984941549,0.20348722013077075
8251,Santa Margarida i els Monjos,731,2649,528,699,2431,626,1430,5080,1154,7664,3908,3756,0.1865866388308977,0.662839248434238,0.1505741127348643,0.18705220061412486,0.6778403275332651,0.13510747185261002,0.18610223642172524,0.6472310969116081,0.16666666666666666
8258,Santa Maria d'Oló,77,333,115,73,325,142,150,658,257,1065,525,540,0.14084507042253522,0.6178403755868545,0.24131455399061033,0.14666666666666667,0.6342857142857142,0.21904761904761905,0.13518518518518519,0.6018518518518519,0.26296296296296295
8253,Santa Maria de Besora,8,59,18,9,44,23,17,103,41,161,85,76,0.10559006211180125,0.639751552795031,0.2546583850931677,0.09411764705882353,0.6941176470588235,0.21176470588235294,0.11842105263157894,0.5789473684210527,0.3026315789473684
8256,Santa Maria de Martorelles,68,312,62,71,291,78,139,603,140,882,442,440,0.15759637188208617,0.6836734693877551,0.15873015873015872,0.15384615384615385,0.7058823529411765,0.14027149321266968,0.16136363636363638,0.6613636363636364,0.17727272727272728
8255,Santa Maria de Merlès,19,62,10,18,57,14,37,119,24,180,91,89,0.20555555555555555,0.6611111111111111,0.13333333333333333,0.2087912087912088,0.6813186813186813,0.10989010989010989,0.20224719101123595,0.6404494382022472,0.15730337078651685
8257,Santa Maria de Miralles,7,45,17,10,34,16,17,79,33,129,69,60,0.13178294573643412,0.6124031007751938,0.2558139534883721,0.10144927536231885,0.6521739130434783,0.2463768115942029,0.16666666666666666,0.5666666666666667,0.26666666666666666
8259,Santa Maria de Palautordera,755,3360,737,703,3203,908,1458,6563,1645,9666,4852,4814,0.15083798882681565,0.6789778605421064,0.170184150631078,0.15560593569661996,0.6924979389942292,0.15189612530915086,0.14603240548400498,0.665351059410054,0.188616535105941
43140,Santa Oliva,301,1151,304,272,1083,339,573,2234,643,3450,1756,1694,0.16608695652173913,0.647536231884058,0.18637681159420288,0.1714123006833713,0.6554669703872438,0.17312072892938496,0.16056670602125148,0.6393152302243211,0.2001180637544274
17184,Santa Pau,112,515,187,102,483,186,214,998,373,1585,814,771,0.13501577287066246,0.6296529968454259,0.23533123028391167,0.1375921375921376,0.6326781326781327,0.22972972972972974,0.13229571984435798,0.6264591439688716,0.24124513618677043
8260,Santa Perpètua de Mogoda,2259,8983,1857,2056,8593,2285,4315,17576,4142,26033,13099,12934,0.16575116198670917,0.6751430876195598,0.15910575039373104,0.17245591266508895,0.6857775402702496,0.14176654706466144,0.158960878305242,0.66437297046544,0.17666615122931809
8261,Santa Susanna,323,1222,293,310,1186,316,633,2408,609,3650,1838,1812,0.17342465753424657,0.6597260273972603,0.16684931506849315,0.17573449401523394,0.6648531011969532,0.15941240478781285,0.17108167770419427,0.6545253863134658,0.17439293598233996
8192,Santpedor,699,2426,640,620,2419,762,1319,4845,1402,7566,3765,3801,0.17433254031192175,0.6403647898493259,0.18530266983875232,0.1856573705179283,0.6443559096945551,0.1699867197875166,0.163114969744804,0.6364114706656143,0.20047355958958168
43142,Sarral,110,550,143,121,452,173,231,1002,316,1549,803,746,0.14912846998063267,0.6468689477081988,0.2040025823111685,0.136986301369863,0.684931506849315,0.1780821917808219,0.16219839142091153,0.6058981233243967,0.23190348525469168
17186,Sarrià de Ter,461,1732,392,431,1717,498,892,3449,890,5231,2585,2646,0.17052188874020263,0.6593385585930033,0.17013955266679412,0.17833655705996132,0.6700193423597679,0.15164410058027078,0.16288737717309146,0.6489040060468632,0.18820861678004536
25201,Sarroca de Bellera,2,45,22,4,29,18,6,74,40,120,69,51,0.05,0.6166666666666667,0.3333333333333333,0.028985507246376812,0.6521739130434783,0.3188405797101449,0.0784313725490196,0.5686274509803921,0.35294117647058826
25200,Sarroca de Lleida,16,121,59,17,87,57,33,208,116,357,196,161,0.09243697478991597,0.5826330532212886,0.32492997198879553,0.08163265306122448,0.6173469387755102,0.3010204081632653,0.10559006211180125,0.5403726708074534,0.35403726708074534
17187,"Saus, Camallera i Llampaies",65,277,98,67,254,104,132,531,202,865,440,425,0.15260115606936417,0.6138728323699422,0.23352601156069364,0.14772727272727273,0.6295454545454545,0.22272727272727272,0.15764705882352942,0.5976470588235294,0.2447058823529412
43143,Savallà del Comtat,1,17,9,0,16,10,1,33,19,53,27,26,0.018867924528301886,0.6226415094339622,0.3584905660377358,0.037037037037037035,0.6296296296296297,0.3333333333333333,0.0,0.6153846153846154,0.38461538461538464
43144,"Secuita, la",152,583,134,149,567,143,301,1150,277,1728,869,859,0.17418981481481483,0.6655092592592593,0.16030092592592593,0.17491369390103567,0.6708860759493671,0.15420023014959724,0.17345750873108265,0.660069848661234,0.16647264260768335
17188,"Selva de Mar, la",10,69,30,8,69,26,18,138,56,212,109,103,0.08490566037735849,0.6509433962264151,0.2641509433962264,0.09174311926605505,0.6330275229357798,0.27522935779816515,0.07766990291262135,0.6699029126213593,0.2524271844660194
43145,"Selva del Camp, la",472,1949,433,439,1882,519,911,3831,952,5694,2854,2840,0.1599929750614682,0.672813487881981,0.16719353705655077,0.16538192011212333,0.6829011913104415,0.15171688857743518,0.15457746478873238,0.6626760563380282,0.18274647887323944
43146,Senan,3,16,9,2,9,3,5,25,12,42,28,14,0.11904761904761904,0.5952380952380952,0.2857142857142857,0.10714285714285714,0.5714285714285714,0.32142857142857145,0.14285714285714285,0.6428571428571429,0.21428571428571427
43044,"Sénia, la",376,1859,539,354,1757,645,730,3616,1184,5530,2774,2756,0.13200723327305605,0.6538878842676311,0.21410488245931283,0.13554434030281182,0.6701514059120404,0.1943042537851478,0.12844702467343977,0.6375181422351234,0.23403483309143686
25202,Senterada,5,70,13,9,41,12,14,111,25,150,88,62,0.09333333333333334,0.74,0.16666666666666666,0.056818181818181816,0.7954545454545454,0.14772727272727273,0.14516129032258066,0.6612903225806451,0.1935483870967742
25035,"Sentiu de Sió, la",23,136,63,26,115,63,49,251,126,426,222,204,0.11502347417840375,0.5892018779342723,0.29577464788732394,0.1036036036036036,0.6126126126126126,0.28378378378378377,0.12745098039215685,0.5637254901960784,0.3088235294117647
8267,Sentmenat,827,3260,644,791,3082,743,1618,6342,1387,9347,4731,4616,0.17310366962661816,0.6785064726650262,0.1483898577083556,0.17480448108222363,0.6890720777848235,0.13612344113295285,0.17136048526863085,0.6676776429809359,0.16096187175043328
17190,Serinyà,99,380,97,93,372,102,192,752,199,1143,576,567,0.1679790026246719,0.657917760279965,0.17410323709536307,0.171875,0.6597222222222222,0.1684027777777778,0.164021164021164,0.656084656084656,0.17989417989417988
25204,Seròs,139,726,173,145,511,229,284,1237,402,1923,1038,885,0.14768590743629745,0.6432657306292252,0.20904836193447737,0.13391136801541426,0.6994219653179191,0.16666666666666666,0.1638418079096045,0.5774011299435028,0.25875706214689265
17191,Serra de Daró,23,78,27,14,69,24,37,147,51,235,128,107,0.1574468085106383,0.625531914893617,0.2170212765957447,0.1796875,0.609375,0.2109375,0.1308411214953271,0.6448598130841121,0.22429906542056074
17192,Setcases,11,63,28,7,59,17,18,122,45,185,102,83,0.0972972972972973,0.6594594594594595,0.24324324324324326,0.10784313725490197,0.6176470588235294,0.27450980392156865,0.08433734939759036,0.7108433734939759,0.20481927710843373
25203,"Seu d'Urgell, la",837,4106,1006,841,4118,1344,1678,8224,2350,12252,5949,6303,0.13695723147241268,0.6712373490042443,0.19180541952334312,0.14069591527987896,0.6902000336190957,0.1691040511010254,0.13342852609868316,0.65333967951769,0.21323179438362685
8269,Seva,295,1301,307,257,1206,330,552,2507,637,3696,1903,1793,0.14935064935064934,0.6783008658008658,0.17234848484848486,0.15501839201261167,0.6836573830793484,0.16132422490803994,0.14333519241494702,0.6726157278304518,0.18404907975460122
25205,Sidamon,65,279,59,55,229,68,120,508,127,755,403,352,0.15894039735099338,0.6728476821192053,0.16821192052980133,0.16129032258064516,0.6923076923076923,0.14640198511166252,0.15625,0.6505681818181818,0.19318181818181818
17193,Sils,559,2209,489,489,2067,536,1048,4276,1025,6349,3257,3092,0.16506536462435029,0.6734918884863758,0.1614427468892739,0.17163033466380104,0.6782315013816396,0.15013816395455942,0.15815006468305304,0.6684993531694696,0.17335058214747737
8270,Sitges,2064,10479,2566,1911,10052,3145,3975,20531,5711,30217,15109,15108,0.1315484660952444,0.6794519641261542,0.18899956977860144,0.1366073201403137,0.6935601297240056,0.16983255013568072,0.12648927720413025,0.6653428647074398,0.20816785808842997
17052,Siurana,9,58,18,14,55,25,23,113,43,179,85,94,0.12849162011173185,0.6312849162011173,0.24022346368715083,0.10588235294117647,0.6823529411764706,0.21176470588235294,0.14893617021276595,0.5851063829787234,0.26595744680851063
8271,Sobremunt,1,25,7,3,32,10,4,57,17,78,33,45,0.05128205128205128,0.7307692307692307,0.21794871794871795,0.030303030303030304,0.7575757575757576,0.21212121212121213,0.06666666666666667,0.7111111111111111,0.2222222222222222
25206,"Soleràs, el",15,119,47,19,81,56,34,200,103,337,181,156,0.10089020771513353,0.5934718100890207,0.3056379821958457,0.08287292817679558,0.6574585635359116,0.2596685082872928,0.12179487179487179,0.5192307692307693,0.358974358974359
43147,Solivella,40,209,83,26,186,96,66,395,179,640,332,308,0.103125,0.6171875,0.2796875,0.12048192771084337,0.6295180722891566,0.25,0.08441558441558442,0.6038961038961039,0.3116883116883117
25207,Solsona,731,3058,744,699,2934,1009,1430,5992,1753,9175,4533,4642,0.155858310626703,0.6530790190735695,0.1910626702997275,0.1612618574895213,0.6746084270902272,0.16412971542025148,0.15058164584230935,0.6320551486428264,0.2173632055148643
8272,Sora,25,66,25,13,60,22,38,126,47,211,116,95,0.18009478672985782,0.5971563981042654,0.22274881516587677,0.21551724137931033,0.5689655172413793,0.21551724137931033,0.1368421052631579,0.631578947368421,0.23157894736842105
25208,Soriguera,35,160,34,29,144,29,64,304,63,431,229,202,0.14849187935034802,0.7053364269141531,0.14617169373549885,0.15283842794759825,0.6986899563318777,0.14847161572052403,0.14356435643564355,0.7128712871287128,0.14356435643564355
25209,Sort,175,707,191,156,710,242,331,1417,433,2181,1073,1108,0.15176524530032096,0.6497019715726731,0.19853278312700595,0.16309412861137,0.6589002795899348,0.17800559179869524,0.1407942238267148,0.6407942238267148,0.2184115523465704
25210,Soses,159,602,174,149,512,185,308,1114,359,1781,935,846,0.1729365524985963,0.6254912970241437,0.20157215047725996,0.17005347593582887,0.6438502673796791,0.18609625668449198,0.17612293144208038,0.6052009456264775,0.2186761229314421
8273,Subirats,242,1099,297,207,975,329,449,2074,626,3149,1638,1511,0.14258494760241347,0.6586217846935535,0.19879326770403302,0.14774114774114774,0.6709401709401709,0.1813186813186813,0.1369953673064196,0.6452680344142951,0.21773659827928524
25211,Sudanell,55,302,108,40,241,98,95,543,206,844,465,379,0.11255924170616113,0.6433649289099526,0.24407582938388625,0.11827956989247312,0.6494623655913978,0.23225806451612904,0.10554089709762533,0.6358839050131926,0.25857519788918204
25212,Sunyer,19,137,31,20,89,38,39,226,69,334,187,147,0.11676646706586827,0.6766467065868264,0.20658682634730538,0.10160427807486631,0.732620320855615,0.1657754010695187,0.1360544217687075,0.6054421768707483,0.2585034013605442
8274,Súria,389,1912,570,376,1876,800,765,3788,1370,5923,2871,3052,0.1291575215262536,0.6395407732567956,0.23130170521695087,0.13549285963079066,0.66597004528039,0.19853709508881923,0.12319790301441677,0.6146788990825688,0.2621231979030144
17194,Susqueda,5,43,11,5,27,8,10,70,19,99,59,40,0.10101010101010101,0.7070707070707071,0.1919191919191919,0.0847457627118644,0.7288135593220338,0.1864406779661017,0.125,0.675,0.2
8276,Tagamanent,23,115,24,22,116,25,45,231,49,325,162,163,0.13846153846153847,0.7107692307692308,0.15076923076923077,0.1419753086419753,0.7098765432098766,0.14814814814814814,0.13496932515337423,0.7116564417177914,0.15337423312883436
8277,Talamanca,24,73,27,16,62,20,40,135,47,222,124,98,0.18018018018018017,0.6081081081081081,0.21171171171171171,0.1935483870967742,0.5887096774193549,0.21774193548387097,0.16326530612244897,0.6326530612244898,0.20408163265306123
25215,Talarn,19,214,55,28,128,45,47,342,100,489,288,201,0.09611451942740286,0.6993865030674846,0.20449897750511248,0.06597222222222222,0.7430555555555556,0.1909722222222222,0.13930348258706468,0.6368159203980099,0.22388059701492538
25216,Talavera,16,100,42,15,69,45,31,169,87,287,158,129,0.10801393728222997,0.5888501742160279,0.30313588850174217,0.10126582278481013,0.6329113924050633,0.26582278481012656,0.11627906976744186,0.5348837209302325,0.3488372093023256
17195,"Tallada d'Empordà, la",27,160,60,32,136,51,59,296,111,466,247,219,0.12660944206008584,0.6351931330472103,0.23819742489270387,0.10931174089068826,0.6477732793522267,0.242914979757085,0.1461187214611872,0.6210045662100456,0.2328767123287671
8278,Taradell,551,2212,579,483,2157,705,1034,4369,1284,6687,3342,3345,0.15462838343053686,0.6533572603559145,0.19201435621354868,0.16487133453022143,0.6618791143028127,0.1732495511669659,0.14439461883408072,0.6448430493273543,0.21076233183856502
43148,Tarragona,10289,45090,10737,9875,44825,14620,20164,89915,25357,135436,66116,69320,0.1488821288283765,0.6638929088277858,0.18722496234383768,0.15562042470808882,0.6819831810756851,0.16239639421622604,0.14245527986151182,0.6466387766878245,0.2109059434506636
25217,Tàrrega,1563,5959,1230,1470,5821,1606,3033,11780,2836,17649,8752,8897,0.17185109637939827,0.6674599127429316,0.16068899087767013,0.17858775137111518,0.6808729433272395,0.14053930530164535,0.16522423288749016,0.6542654827469934,0.18051028436551647
25218,Tarrés,6,29,16,11,30,13,17,59,29,105,51,54,0.1619047619047619,0.5619047619047619,0.2761904761904762,0.11764705882352941,0.5686274509803921,0.3137254901960784,0.2037037037037037,0.5555555555555556,0.24074074074074073
25219,Tarroja de Segarra,10,62,31,16,48,20,26,110,51,187,103,84,0.13903743315508021,0.5882352941176471,0.2727272727272727,0.0970873786407767,0.6019417475728155,0.30097087378640774,0.19047619047619047,0.5714285714285714,0.23809523809523808
8275,Tavèrnoles,27,108,30,30,101,33,57,209,63,329,165,164,0.17325227963525835,0.6352583586626139,0.19148936170212766,0.16363636363636364,0.6545454545454545,0.18181818181818182,0.18292682926829268,0.6158536585365854,0.20121951219512196
8280,Tavertet,3,32,20,5,36,17,8,68,37,113,55,58,0.07079646017699115,0.6017699115044248,0.3274336283185841,0.05454545454545454,0.5818181818181818,0.36363636363636365,0.08620689655172414,0.6206896551724138,0.29310344827586204
8281,Teià,514,2107,606,444,2099,762,958,4206,1368,6532,3227,3305,0.14666258420085732,0.6439069197795468,0.20943049601959585,0.15928106600557793,0.6529284164859002,0.18779051750852185,0.13434190620272315,0.6350983358547655,0.23055975794251135
25220,Térmens,86,466,130,80,375,193,166,841,323,1330,682,648,0.12481203007518797,0.6323308270676692,0.24285714285714285,0.12609970674486803,0.6832844574780058,0.1906158357771261,0.12345679012345678,0.5787037037037037,0.2978395061728395
17196,Terrades,18,115,31,26,113,31,44,228,62,334,164,170,0.1317365269461078,0.6826347305389222,0.18562874251497005,0.10975609756097561,0.7012195121951219,0.18902439024390244,0.15294117647058825,0.6647058823529411,0.18235294117647058
8279,Terrassa,18847,74705,16093,17653,73682,22031,36500,148387,38124,223011,109645,113366,0.16366905668330262,0.665379734631924,0.1709512086847734,0.17189110310547676,0.6813352182042045,0.14677367869031877,0.15571688160471395,0.6499479561773371,0.19433516221794894
8282,Tiana,720,2923,703,761,3059,843,1481,5982,1546,9009,4346,4663,0.16439116439116438,0.6640026640026641,0.17160617160617161,0.16566958122411413,0.6725724804417855,0.16175793833410032,0.16319965687325755,0.6560154407034098,0.18078490242333262
25221,Tírvia,5,45,13,7,39,22,12,84,35,131,63,68,0.0916030534351145,0.6412213740458015,0.26717557251908397,0.07936507936507936,0.7142857142857143,0.20634920634920634,0.10294117647058823,0.5735294117647058,0.3235294117647059
25222,Tiurana,3,19,11,4,26,10,7,45,21,73,33,40,0.0958904109589041,0.6164383561643836,0.2876712328767123,0.09090909090909091,0.5757575757575758,0.3333333333333333,0.1,0.65,0.25
43149,Tivenys,34,305,118,48,243,152,82,548,270,900,457,443,0.09111111111111111,0.6088888888888889,0.3,0.07439824945295405,0.6673960612691466,0.25820568927789933,0.10835214446952596,0.5485327313769752,0.3431151241534989
43150,Tivissa,97,534,199,89,488,232,186,1022,431,1639,830,809,0.11348383160463697,0.6235509456985967,0.2629652226967663,0.11686746987951807,0.6433734939759036,0.2397590361445783,0.1100123609394314,0.6032138442521632,0.2867737948084054
8283,Tona,655,2821,672,631,2753,836,1286,5574,1508,8368,4148,4220,0.15368068833652007,0.6661089866156787,0.18021032504780116,0.15790742526518806,0.6800867888138862,0.16200578592092574,0.1495260663507109,0.6523696682464455,0.1981042654028436
25223,Torà,79,403,125,68,372,162,147,775,287,1209,607,602,0.12158808933002481,0.6410256410256411,0.23738626964433415,0.1301482701812191,0.6639209225700164,0.20593080724876442,0.11295681063122924,0.6179401993355482,0.2691029900332226
8284,Tordera,1540,6059,1413,1389,5749,1638,2929,11808,3051,17788,9012,8776,0.16466156959748146,0.663818304474927,0.17152012592759164,0.1708832667554372,0.6723257878384377,0.15679094540612518,0.15827256153144942,0.6550820419325433,0.18664539653600729
8285,Torelló,1137,4852,1276,1092,4565,1631,2229,9417,2907,14553,7265,7288,0.15316429602143888,0.6470830756545042,0.1997526283240569,0.15650378527185135,0.6678596008258775,0.17563661390227117,0.14983534577387486,0.6263721185510428,0.22379253567508234
25224,"Torms, els",8,47,23,5,37,25,13,84,48,145,78,67,0.0896551724137931,0.5793103448275863,0.3310344827586207,0.10256410256410256,0.6025641025641025,0.2948717948717949,0.07462686567164178,0.5522388059701493,0.373134328358209
25225,Tornabous,59,290,95,50,219,113,109,509,208,826,444,382,0.13196125907990314,0.6162227602905569,0.25181598062953997,0.13288288288288289,0.6531531531531531,0.21396396396396397,0.13089005235602094,0.5732984293193717,0.29581151832460734
25227,"Torre de Cabdella, la",35,247,106,30,207,140,65,454,246,765,388,377,0.08496732026143791,0.5934640522875817,0.3215686274509804,0.09020618556701031,0.6365979381443299,0.27319587628865977,0.07957559681697612,0.5490716180371353,0.3713527851458886
8286,"Torre de Claramunt, la",287,1415,291,264,1265,330,551,2680,621,3852,1993,1859,0.14304257528556594,0.6957424714434061,0.16121495327102803,0.1440040140491721,0.7099849473156046,0.14601103863522327,0.14201183431952663,0.6804733727810651,0.17751479289940827
43151,"Torre de Fontaubella, la",11,34,21,6,33,23,17,67,44,128,66,62,0.1328125,0.5234375,0.34375,0.16666666666666666,0.5151515151515151,0.3181818181818182,0.0967741935483871,0.532258064516129,0.3709677419354839
43152,"Torre de l'Espanyol, la",31,203,75,40,173,76,71,376,151,598,309,289,0.11872909698996656,0.6287625418060201,0.2525083612040134,0.10032362459546926,0.656957928802589,0.24271844660194175,0.1384083044982699,0.5986159169550173,0.2629757785467128
25226,Torrebesses,13,119,37,17,69,43,30,188,80,298,169,129,0.10067114093959731,0.6308724832214765,0.2684563758389262,0.07692307692307693,0.7041420118343196,0.21893491124260356,0.13178294573643412,0.5348837209302325,0.3333333333333333
43153,Torredembarra,1267,5572,1527,1232,5612,1847,2499,11184,3374,17057,8366,8691,0.14650876473002286,0.6556838834496101,0.19780735182036702,0.15144633038489122,0.6660291656705714,0.18252450394453743,0.14175583937406513,0.6457254631227707,0.21251869750316418
25228,Torrefarrera,437,1666,276,432,1555,336,869,3221,612,4702,2379,2323,0.18481497235219055,0.6850276478094428,0.13015737983836664,0.18369062631357713,0.7002942412778478,0.11601513240857503,0.18596642272922945,0.6693930262591476,0.1446405510116229
25907,Torrefeta i Florejacs,39,216,75,27,164,81,66,380,156,602,330,272,0.10963455149501661,0.6312292358803987,0.2591362126245847,0.11818181818181818,0.6545454545454545,0.22727272727272727,0.09926470588235294,0.6029411764705882,0.2977941176470588
25230,Torregrossa,151,743,231,147,592,293,298,1335,524,2157,1125,1032,0.13815484469170144,0.6189151599443672,0.2429299953639314,0.13422222222222221,0.6604444444444444,0.20533333333333334,0.14244186046511628,0.5736434108527132,0.28391472868217055
25231,Torrelameu,40,356,75,44,162,82,84,518,157,759,471,288,0.11067193675889328,0.6824769433465085,0.20685111989459815,0.08492569002123142,0.7558386411889597,0.1592356687898089,0.1527777777777778,0.5625,0.2847222222222222
8287,Torrelavit,128,461,134,119,446,141,247,907,275,1429,723,706,0.1728481455563331,0.6347095871238628,0.19244226731980407,0.17704011065006917,0.6376210235131397,0.18533886583679116,0.16855524079320114,0.6317280453257791,0.19971671388101983
8288,Torrelles de Foix,197,895,223,171,773,220,368,1668,443,2479,1315,1164,0.14844695441710368,0.6728519564340459,0.17870108914885036,0.14980988593155894,0.6806083650190115,0.16958174904942966,0.14690721649484537,0.6640893470790378,0.18900343642611683
8289,Torrelles de Llobregat,522,2138,370,530,2125,441,1052,4263,811,6126,3030,3096,0.17172706496898466,0.6958863858961802,0.13238654913483514,0.17227722772277226,0.7056105610561056,0.12211221122112212,0.17118863049095606,0.6863695090439277,0.14244186046511628
17197,Torrent,11,58,19,10,44,18,21,102,37,160,88,72,0.13125,0.6375,0.23125,0.125,0.6590909090909091,0.2159090909090909,0.1388888888888889,0.6111111111111112,0.25
25232,Torres de Segre,134,919,204,147,739,238,281,1658,442,2381,1257,1124,0.11801763964720706,0.6963460730785385,0.18563628727425452,0.10660302307080351,0.7311058074781225,0.162291169451074,0.1307829181494662,0.6574733096085409,0.2117437722419929
25233,Torre-serona,23,141,36,26,116,41,49,257,77,383,200,183,0.1279373368146214,0.6710182767624021,0.2010443864229765,0.115,0.705,0.18,0.14207650273224043,0.6338797814207651,0.22404371584699453
17198,Torroella de Fluvià,49,267,56,49,236,69,98,503,125,726,372,354,0.1349862258953168,0.6928374655647382,0.1721763085399449,0.13172043010752688,0.717741935483871,0.15053763440860216,0.1384180790960452,0.6666666666666666,0.19491525423728814
17199,Torroella de Montgrí,939,4103,1065,891,3834,1191,1830,7937,2256,12023,6107,5916,0.15220826748731597,0.6601513765283207,0.1876403559843633,0.15375798264286883,0.6718519731455707,0.1743900442115605,0.15060851926977686,0.6480730223123732,0.2013184584178499
43154,Torroja del Priorat,7,52,20,3,36,23,10,88,43,141,79,62,0.07092198581560284,0.624113475177305,0.3049645390070922,0.08860759493670886,0.6582278481012658,0.25316455696202533,0.04838709677419355,0.5806451612903226,0.3709677419354839
17200,Tortellà,53,252,89,65,256,101,118,508,190,816,394,422,0.14460784313725492,0.6225490196078431,0.23284313725490197,0.13451776649746192,0.6395939086294417,0.22588832487309646,0.15402843601895735,0.6066350710900474,0.23933649289099526
43155,Tortosa,2559,11187,2984,2476,10364,4002,5035,21551,6986,33572,16730,16842,0.14997617061837246,0.6419337543190754,0.20809007506255212,0.15295875672444711,0.6686790197250448,0.17836222355050807,0.1470134188338677,0.6153663460396628,0.23762023512646954
17201,Toses,10,73,21,13,50,11,23,123,32,178,104,74,0.12921348314606743,0.6910112359550562,0.1797752808988764,0.09615384615384616,0.7019230769230769,0.20192307692307693,0.17567567567567569,0.6756756756756757,0.14864864864864866
17202,Tossa de Mar,363,2118,529,377,1901,642,740,4019,1171,5930,3010,2920,0.12478920741989882,0.6777403035413153,0.19747048903878583,0.12059800664451827,0.7036544850498339,0.17574750830564784,0.1291095890410959,0.6510273972602739,0.21986301369863015
25234,Tremp,399,1914,579,380,1852,769,779,3766,1348,5893,2892,3001,0.13219073477006618,0.6390632954352622,0.22874596979467166,0.13796680497925312,0.6618257261410788,0.20020746887966806,0.12662445851382872,0.6171276241252915,0.2562479173608797
17204,Ullà,121,437,85,108,334,82,229,771,167,1167,643,524,0.19622964867180806,0.6606683804627249,0.143101970865467,0.18818040435458788,0.6796267496111975,0.1321928460342146,0.20610687022900764,0.6374045801526718,0.15648854961832062
8290,Ullastrell,205,719,129,205,685,153,410,1404,282,2096,1053,1043,0.19561068702290077,0.6698473282442748,0.13454198473282442,0.19468186134852802,0.6828110161443495,0.1225071225071225,0.1965484180249281,0.6567593480345159,0.14669223394055608
17205,Ullastret,13,86,29,24,74,32,37,160,61,258,128,130,0.1434108527131783,0.6201550387596899,0.2364341085271318,0.1015625,0.671875,0.2265625,0.18461538461538463,0.5692307692307692,0.24615384615384617
43156,Ulldecona,465,2250,620,437,1835,710,902,4085,1330,6317,3335,2982,0.14278929871774576,0.6466677220199462,0.21054297926230806,0.13943028485757122,0.6746626686656672,0.18590704647676162,0.1465459423205902,0.6153588195841717,0.23809523809523808
43157,Ulldemolins,15,136,76,17,90,66,32,226,142,400,227,173,0.08,0.565,0.355,0.06607929515418502,0.5991189427312775,0.33480176211453744,0.09826589595375723,0.5202312138728323,0.3815028901734104
17203,Ultramort,23,66,29,19,59,30,42,125,59,226,118,108,0.18584070796460178,0.5530973451327433,0.2610619469026549,0.19491525423728814,0.559322033898305,0.2457627118644068,0.17592592592592593,0.5462962962962963,0.2777777777777778
17206,Urús,11,75,19,7,76,22,18,151,41,210,105,105,0.08571428571428572,0.719047619047619,0.19523809523809524,0.10476190476190476,0.7142857142857143,0.18095238095238095,0.06666666666666667,0.7238095238095238,0.20952380952380953
8291,Vacarisses,692,2542,419,586,2397,446,1278,4939,865,7082,3653,3429,0.18045749788195425,0.6974018638802598,0.12214063823778594,0.1894333424582535,0.6958664111689022,0.11470024637284423,0.17089530475357248,0.6990376202974629,0.13006707494896472
17014,"Vajol, la",4,34,10,3,25,12,7,59,22,88,48,40,0.07954545454545454,0.6704545454545454,0.25,0.08333333333333333,0.7083333333333334,0.20833333333333334,0.075,0.625,0.3
17207,"Vall d'en Bas, la",262,1012,307,215,976,343,477,1988,650,3115,1581,1534,0.15313001605136436,0.6382022471910113,0.2086677367576244,0.1657179000632511,0.640101201771031,0.1941808981657179,0.14015645371577576,0.636245110821382,0.22359843546284225
17208,"Vall de Bianya, la",95,453,116,103,422,126,198,875,242,1315,664,651,0.1505703422053232,0.6653992395437263,0.18403041825095057,0.1430722891566265,0.6822289156626506,0.1746987951807229,0.15821812596006143,0.6482334869431644,0.1935483870967742
25043,"Vall de Boí, la",63,393,106,61,356,81,124,749,187,1060,562,498,0.1169811320754717,0.7066037735849057,0.17641509433962263,0.11209964412811388,0.699288256227758,0.18861209964412812,0.12248995983935743,0.714859437751004,0.16265060240963855
25901,Vall de Cardós,17,143,44,24,105,49,41,248,93,382,204,178,0.10732984293193717,0.6492146596858639,0.24345549738219896,0.08333333333333333,0.7009803921568627,0.21568627450980393,0.1348314606741573,0.5898876404494382,0.2752808988764045
8292,Vallbona d'Anoia,108,467,127,84,435,154,192,902,281,1375,702,673,0.13963636363636364,0.656,0.20436363636363636,0.15384615384615385,0.6652421652421653,0.18091168091168092,0.12481426448736999,0.6463595839524517,0.2288261515601783
25238,Vallbona de les Monges,6,84,32,11,54,49,17,138,81,236,122,114,0.07203389830508475,0.5847457627118644,0.3432203389830508,0.04918032786885246,0.6885245901639344,0.26229508196721313,0.09649122807017543,0.47368421052631576,0.4298245614035088
8293,Vallcebre,2,98,43,11,69,35,13,167,78,258,143,115,0.050387596899224806,0.6472868217054264,0.3023255813953488,0.013986013986013986,0.6853146853146853,0.3006993006993007,0.09565217391304348,0.6,0.30434782608695654
43158,Vallclara,6,35,14,3,24,9,9,59,23,91,55,36,0.0989010989010989,0.6483516483516484,0.25274725274725274,0.10909090909090909,0.6363636363636364,0.2545454545454545,0.08333333333333333,0.6666666666666666,0.25
25240,Vallfogona de Balaguer,170,610,179,168,595,190,338,1205,369,1912,959,953,0.17677824267782427,0.6302301255230126,0.19299163179916318,0.1772679874869656,0.6360792492179353,0.18665276329509906,0.17628541448058763,0.6243441762854145,0.1993704092339979
17170,Vallfogona de Ripollès,13,69,30,8,62,31,21,131,61,213,112,101,0.09859154929577464,0.6150234741784038,0.2863849765258216,0.11607142857142858,0.6160714285714286,0.26785714285714285,0.07920792079207921,0.6138613861386139,0.3069306930693069
43159,Vallfogona de Riucorb,0,30,18,0,14,15,0,44,33,77,48,29,0.0,0.5714285714285714,0.42857142857142855,0.0,0.625,0.375,0.0,0.4827586206896552,0.5172413793103449
8294,Vallgorguina,292,1087,174,273,1022,204,565,2109,378,3052,1553,1499,0.18512450851900394,0.6910222804718218,0.12385321100917432,0.1880231809401159,0.6999356084996781,0.11204121056020605,0.1821214142761841,0.6817878585723816,0.13609072715143428
8295,Vallirana,1276,5201,1247,1222,5078,1414,2498,10279,2661,15438,7724,7714,0.1618085244202617,0.6658245886772898,0.1723668869024485,0.16519937856033143,0.6733557742102537,0.16144484722941482,0.15841327456572465,0.6582836401348198,0.18330308529945555
17209,Vall-llobrega,70,331,63,67,323,64,137,654,127,918,464,454,0.14923747276688454,0.7124183006535948,0.1383442265795207,0.15086206896551724,0.7133620689655172,0.13577586206896552,0.14757709251101322,0.711453744493392,0.14096916299559473
43160,Vallmoll,136,612,152,152,580,161,288,1192,313,1793,900,893,0.16062465142219742,0.6648075850529839,0.17456776352481873,0.1511111111111111,0.68,0.1688888888888889,0.1702127659574468,0.6494960806270996,0.18029115341545351
8296,Vallromanes,242,948,163,197,874,170,439,1822,333,2594,1353,1241,0.169236700077101,0.7023901310717039,0.12837316885119507,0.17886178861788618,0.7006651884700665,0.1204730229120473,0.1587429492344883,0.7042707493956487,0.136986301369863
43161,Valls,1900,8395,2002,1857,7797,2602,3757,16192,4604,24553,12297,12256,0.15301592473424835,0.6594713476968191,0.1875127275689325,0.15450922989346996,0.6826868341872001,0.16280393591932993,0.15151762402088773,0.6361781984334204,0.21230417754569192
25906,"Valls d'Aguilar, les",11,92,46,7,75,33,18,167,79,264,149,115,0.06818181818181818,0.6325757575757576,0.29924242424242425,0.0738255033557047,0.6174496644295302,0.3087248322147651,0.06086956521739131,0.6521739130434783,0.28695652173913044
25239,"Valls de Valira, les",59,278,75,49,251,88,108,529,163,800,412,388,0.135,0.66125,0.20375,0.14320388349514562,0.6747572815533981,0.1820388349514563,0.12628865979381443,0.6469072164948454,0.2268041237113402
43162,Vandellòs i l'Hospitalet de l'Infant,582,2205,514,534,2181,629,1116,4386,1143,6645,3301,3344,0.16794582392776525,0.6600451467268623,0.17200902934537246,0.17631020902756742,0.667979400181763,0.1557103907906695,0.159688995215311,0.6522129186602871,0.1880980861244019
25909,"Vansa i Fórnols, la",4,56,21,3,47,25,7,103,46,156,81,75,0.04487179487179487,0.6602564102564102,0.2948717948717949,0.04938271604938271,0.691358024691358,0.25925925925925924,0.04,0.6266666666666667,0.3333333333333333
8297,Veciana,16,51,30,13,45,24,29,96,54,179,97,82,0.16201117318435754,0.5363128491620112,0.3016759776536313,0.16494845360824742,0.5257731958762887,0.30927835051546393,0.15853658536585366,0.5487804878048781,0.2926829268292683
43163,"Vendrell, el",3147,12745,3407,2980,12577,4035,6127,25322,7442,38891,19299,19592,0.15754287624386104,0.651101797331002,0.19135532642513692,0.16306544380537852,0.6603969117570858,0.1765376444375356,0.15210289914250716,0.6419456921192324,0.2059514087382605
17210,Ventalló,79,293,92,69,279,102,148,572,194,914,464,450,0.16192560175054704,0.6258205689277899,0.212253829321663,0.17025862068965517,0.6314655172413793,0.19827586206896552,0.15333333333333332,0.62,0.22666666666666666
25242,Verdú,41,269,99,51,272,148,92,541,247,880,409,471,0.10454545454545454,0.6147727272727272,0.2806818181818182,0.10024449877750612,0.6577017114914425,0.24205378973105135,0.10828025477707007,0.5774946921443737,0.31422505307855625
17211,Verges,87,373,129,93,347,154,180,720,283,1183,589,594,0.1521555367709214,0.6086221470836856,0.23922231614539308,0.14770797962648557,0.633276740237691,0.21901528013582344,0.15656565656565657,0.5841750841750841,0.25925925925925924
43164,Vespella de Gaià,33,157,59,38,126,45,71,283,104,458,249,209,0.15502183406113537,0.6179039301310044,0.22707423580786026,0.13253012048192772,0.6305220883534136,0.23694779116465864,0.18181818181818182,0.6028708133971292,0.215311004784689
8298,Vic,4192,16752,3010,3850,15150,4365,8042,31902,7375,47319,23954,23365,0.16995287305310763,0.6741900716414125,0.15585705530547983,0.17500208733405695,0.6993404024380062,0.1256575102279369,0.16477637491975178,0.6484057350738284,0.18681789000641985
17212,Vidrà,14,62,19,17,58,16,31,120,35,186,95,91,0.16666666666666666,0.6451612903225806,0.1881720430107527,0.14736842105263157,0.6526315789473685,0.2,0.18681318681318682,0.6373626373626373,0.17582417582417584
17213,Vidreres,612,2887,687,581,2565,741,1193,5452,1428,8073,4186,3887,0.14777653908088692,0.6753375449027623,0.17688591601635079,0.14620162446249402,0.6896798853320593,0.16411849020544672,0.1494726009776177,0.6598919475173656,0.19063545150501673
25243,Vielha e Mijaran,395,2126,367,376,1982,428,771,4108,795,5674,2888,2786,0.13588297497356364,0.7240042298202326,0.14011279520620373,0.13677285318559557,0.7361495844875346,0.12707756232686981,0.1349605168700646,0.7114142139267767,0.15362526920315864
43165,Vilabella,38,232,89,41,212,93,79,444,182,705,359,346,0.11205673758865248,0.6297872340425532,0.2581560283687943,0.10584958217270195,0.6462395543175488,0.2479108635097493,0.11849710982658959,0.6127167630057804,0.26878612716763006
17214,Vilabertran,106,274,103,67,310,109,173,584,212,969,483,486,0.1785345717234262,0.6026831785345718,0.21878224974200206,0.2194616977225673,0.567287784679089,0.21325051759834368,0.13786008230452676,0.6378600823045267,0.2242798353909465
17215,Vilablareix,333,1027,249,302,1057,257,635,2084,506,3225,1609,1616,0.19689922480620156,0.6462015503875969,0.15689922480620155,0.2069608452454941,0.6382846488502175,0.15475450590428838,0.18688118811881188,0.6540841584158416,0.15903465346534654
8299,Vilada,23,134,73,14,111,69,37,245,142,424,230,194,0.08726415094339622,0.5778301886792453,0.33490566037735847,0.1,0.5826086956521739,0.3173913043478261,0.07216494845360824,0.5721649484536082,0.3556701030927835
17217,Viladamat,28,153,56,36,144,54,64,297,110,471,237,234,0.13588110403397027,0.6305732484076433,0.23354564755838642,0.11814345991561181,0.6455696202531646,0.23628691983122363,0.15384615384615385,0.6153846153846154,0.23076923076923078
17216,Viladasens,20,77,18,9,65,25,29,142,43,214,115,99,0.13551401869158877,0.6635514018691588,0.20093457943925233,0.17391304347826086,0.6695652173913044,0.1565217391304348,0.09090909090909091,0.6565656565656566,0.25252525252525254
8301,Viladecans,5490,22501,4916,5221,22234,6345,10711,44735,11261,66707,32907,33800,0.16056785644684965,0.6706192753384203,0.1688128682147301,0.16683380435773543,0.6837754884978879,0.14939070714437658,0.15446745562130176,0.657810650887574,0.18772189349112425
8300,Viladecavalls,600,2623,572,581,2633,612,1181,5256,1184,7621,3795,3826,0.15496653982417005,0.6896732712242488,0.15536018895158116,0.15810276679841898,0.6911725955204217,0.15072463768115943,0.15185572399372713,0.6881860951385259,0.159958180867747
17218,Vilademuls,75,274,82,74,254,76,149,528,158,835,431,404,0.1784431137724551,0.6323353293413174,0.18922155688622755,0.1740139211136891,0.6357308584686775,0.1902552204176334,0.18316831683168316,0.6287128712871287,0.18811881188118812
17220,Viladrau,81,374,87,91,353,116,172,727,203,1102,542,560,0.1560798548094374,0.6597096188747731,0.18421052631578946,0.14944649446494465,0.6900369003690037,0.16051660516605165,0.1625,0.6303571428571428,0.20714285714285716
17221,Vilafant,471,1744,478,394,1823,570,865,3567,1048,5480,2693,2787,0.15784671532846714,0.650912408759124,0.19124087591240876,0.17489788340141108,0.6476049015967322,0.17749721500185667,0.14137064944384642,0.65410836024399,0.20452099031216361
8305,Vilafranca del Penedès,3447,12945,3041,3236,13124,4176,6683,26069,7217,39969,19433,20536,0.16720458355225298,0.6522304786209312,0.1805649378268158,0.17737868574075027,0.6661349251273607,0.15648638913188906,0.1575769380599922,0.6390728476821192,0.20335021425788857
25244,Vilagrassa,53,208,49,46,182,49,99,390,98,587,310,277,0.1686541737649063,0.6643952299829642,0.16695059625212946,0.17096774193548386,0.6709677419354839,0.15806451612903225,0.16606498194945848,0.6570397111913358,0.17689530685920576
17223,Vilajuïga,79,388,89,76,388,104,155,776,193,1124,556,568,0.13790035587188612,0.6903914590747331,0.17170818505338079,0.1420863309352518,0.697841726618705,0.16007194244604317,0.13380281690140844,0.6830985915492958,0.18309859154929578
43175,Vilalba dels Arcs,36,187,90,39,166,112,75,353,202,630,313,317,0.11904761904761904,0.5603174603174603,0.32063492063492066,0.11501597444089456,0.597444089456869,0.28753993610223644,0.12302839116719243,0.5236593059936908,0.35331230283911674
8306,Vilalba Sasserra,66,269,51,62,244,66,128,513,117,758,386,372,0.16886543535620052,0.6767810026385225,0.15435356200527706,0.17098445595854922,0.6968911917098446,0.13212435233160622,0.16666666666666666,0.6559139784946236,0.1774193548387097
25245,Vilaller,43,191,59,17,164,80,60,355,139,554,293,261,0.10830324909747292,0.6407942238267148,0.2509025270758123,0.14675767918088736,0.6518771331058021,0.20136518771331058,0.06513409961685823,0.6283524904214559,0.3065134099616858
17224,Vilallonga de Ter,21,145,43,17,112,48,38,257,91,386,209,177,0.09844559585492228,0.6658031088082902,0.23575129533678757,0.10047846889952153,0.69377990430622,0.20574162679425836,0.096045197740113,0.632768361581921,0.2711864406779661
43166,Vilallonga del Camp,275,789,158,234,741,188,509,1530,346,2385,1222,1163,0.21341719077568133,0.6415094339622641,0.1450733752620545,0.22504091653027825,0.6456628477905073,0.12929623567921442,0.20120378331900257,0.6371453138435081,0.16165090283748926
17225,Vilamacolum,36,149,33,30,83,40,66,232,73,371,218,153,0.1778975741239892,0.6253369272237197,0.1967654986522911,0.1651376146788991,0.6834862385321101,0.15137614678899083,0.19607843137254902,0.5424836601307189,0.26143790849673204
17226,Vilamalla,84,386,114,95,367,108,179,753,222,1154,584,570,0.15511265164644714,0.6525129982668978,0.1923743500866551,0.14383561643835616,0.660958904109589,0.1952054794520548,0.16666666666666666,0.643859649122807,0.18947368421052632
17227,Vilamaniscle,13,71,32,11,56,22,24,127,54,205,116,89,0.11707317073170732,0.6195121951219512,0.2634146341463415,0.11206896551724138,0.6120689655172413,0.27586206896551724,0.12359550561797752,0.6292134831460674,0.24719101123595505
25247,Vilamòs,4,72,14,9,52,13,13,124,27,164,90,74,0.07926829268292683,0.7560975609756098,0.16463414634146342,0.044444444444444446,0.8,0.15555555555555556,0.12162162162162163,0.7027027027027027,0.17567567567567569
17228,Vilanant,34,130,37,26,135,37,60,265,74,399,201,198,0.15037593984962405,0.6641604010025063,0.18546365914786966,0.1691542288557214,0.6467661691542289,0.18407960199004975,0.13131313131313133,0.6818181818181818,0.18686868686868688
43167,Vilanova d'Escornalbou,41,200,62,45,176,58,86,376,120,582,303,279,0.14776632302405499,0.6460481099656358,0.20618556701030927,0.1353135313531353,0.6600660066006601,0.20462046204620463,0.16129032258064516,0.6308243727598566,0.2078853046594982
25248,Vilanova de Bellpuig,94,357,150,98,294,185,192,651,335,1178,601,577,0.16298811544991512,0.5526315789473685,0.2843803056027165,0.15640599001663893,0.5940099833610649,0.24958402662229617,0.16984402079722705,0.5095320623916811,0.32062391681109187
25249,Vilanova de l'Aguda,7,58,30,3,63,33,10,121,63,194,95,99,0.05154639175257732,0.6237113402061856,0.3247422680412371,0.07368421052631578,0.6105263157894737,0.3157894736842105,0.030303030303030304,0.6363636363636364,0.3333333333333333
25254,Vilanova de la Barca,69,456,100,57,311,134,126,767,234,1127,625,502,0.11180124223602485,0.6805678793256433,0.20763087843833186,0.1104,0.7296,0.16,0.11354581673306773,0.6195219123505976,0.26693227091633465
25250,Vilanova de Meià,26,166,71,16,90,58,42,256,129,427,263,164,0.09836065573770492,0.5995316159250585,0.30210772833723654,0.09885931558935361,0.6311787072243346,0.26996197718631176,0.0975609756097561,0.5487804878048781,0.35365853658536583
43168,Vilanova de Prades,5,34,15,10,38,6,15,72,21,108,54,54,0.1388888888888889,0.6666666666666666,0.19444444444444445,0.09259259259259259,0.6296296296296297,0.2777777777777778,0.18518518518518517,0.7037037037037037,0.1111111111111111
8303,Vilanova de Sau,23,84,43,15,102,47,38,186,90,314,150,164,0.12101910828025478,0.5923566878980892,0.28662420382165604,0.15333333333333332,0.56,0.2866666666666667,0.09146341463414634,0.6219512195121951,0.2865853658536585
25251,Vilanova de Segrià,81,370,93,66,283,107,147,653,200,1000,544,456,0.147,0.653,0.2,0.1488970588235294,0.6801470588235294,0.17095588235294118,0.14473684210526316,0.6206140350877193,0.23464912280701755
8302,Vilanova del Camí,1087,4346,949,1055,4134,1165,2142,8480,2114,12736,6382,6354,0.16818467336683418,0.6658291457286433,0.1659861809045226,0.1703227828267001,0.6809777499216546,0.14869946725164526,0.16603714195782185,0.6506137865911237,0.18334907145105445
8902,Vilanova del Vallès,552,1912,330,504,1873,364,1056,3785,694,5535,2794,2741,0.1907859078590786,0.6838301716350497,0.12538392050587172,0.19756621331424482,0.6843235504652827,0.11811023622047244,0.18387449835826342,0.6833272528274352,0.13279824881430136
8307,Vilanova i la Geltrú,4858,22036,5722,4631,22582,7629,9489,44618,13351,67458,32616,34842,0.14066530285510984,0.6614189569806398,0.19791574016425034,0.14894530291881286,0.6756193279372087,0.17543536914397842,0.13291429883473968,0.6481258251535503,0.21895987601171
43169,Vilaplana,30,197,60,31,162,56,61,359,116,536,287,249,0.11380597014925373,0.6697761194029851,0.21641791044776118,0.10452961672473868,0.686411149825784,0.20905923344947736,0.12449799196787148,0.6506024096385542,0.2248995983935743
43170,Vila-rodona,102,475,111,107,371,133,209,846,244,1299,688,611,0.1608929946112394,0.651270207852194,0.1878367975365666,0.14825581395348839,0.690406976744186,0.1613372093023256,0.1751227495908347,0.6072013093289689,0.2176759410801964
17230,Vila-sacra,62,252,58,82,232,75,144,484,133,761,372,389,0.18922470433639949,0.6360052562417872,0.1747700394218134,0.16666666666666666,0.6774193548387096,0.15591397849462366,0.21079691516709512,0.596401028277635,0.1928020565552699
25252,Vila-sana,72,252,54,57,243,83,129,495,137,761,378,383,0.16951379763469118,0.6504599211563732,0.1800262812089356,0.19047619047619047,0.6666666666666666,0.14285714285714285,0.14882506527415143,0.6344647519582245,0.21671018276762402
43171,Vila-seca,2121,7670,1518,1980,7483,1750,4101,15153,3268,22522,11309,11213,0.1820886244560874,0.6728088091643726,0.14510256637954,0.18754973914581308,0.6782208860199841,0.13422937483420286,0.1765807544814055,0.6673503968607866,0.1560688486578079
8214,Vilassar de Dalt,662,2990,823,650,2965,984,1312,5955,1807,9074,4475,4599,0.14458893541988097,0.6562706634339872,0.1991404011461318,0.14793296089385474,0.6681564245810055,0.18391061452513965,0.14133507284192215,0.644705370732768,0.21395955642530984
8219,Vilassar de Mar,1627,6645,1856,1546,6875,2387,3173,13520,4243,20936,10128,10808,0.1515571264807031,0.6457776079480321,0.2026652655712648,0.1606437598736177,0.6561018957345972,0.18325434439178515,0.14304219096965212,0.6361028867505552,0.22085492227979275
17222,Vilaür,19,44,20,12,53,14,31,97,34,162,83,79,0.19135802469135801,0.5987654320987654,0.20987654320987653,0.2289156626506024,0.5301204819277109,0.24096385542168675,0.1518987341772152,0.6708860759493671,0.17721518987341772
43172,Vilaverd,28,174,41,24,134,44,52,308,85,445,243,202,0.11685393258426967,0.6921348314606741,0.19101123595505617,0.11522633744855967,0.7160493827160493,0.16872427983539096,0.1188118811881188,0.6633663366336634,0.21782178217821782
43173,"Vilella Alta, la",9,44,16,7,38,17,16,82,33,131,69,62,0.12213740458015267,0.6259541984732825,0.25190839694656486,0.13043478260869565,0.6376811594202898,0.2318840579710145,0.11290322580645161,0.6129032258064516,0.27419354838709675
43174,"Vilella Baixa, la",15,70,28,9,58,28,24,128,56,208,113,95,0.11538461538461539,0.6153846153846154,0.2692307692307692,0.13274336283185842,0.6194690265486725,0.24778761061946902,0.09473684210526316,0.6105263157894737,0.29473684210526313
17233,Vilobí d'Onyar,267,1176,276,276,1013,302,543,2189,578,3310,1719,1591,0.16404833836858007,0.6613293051359517,0.17462235649546828,0.15532286212914484,0.6841186736474695,0.16055846422338568,0.17347580138277813,0.6367064739157763,0.18981772470144564
8304,Vilobí del Penedès,103,369,113,83,334,126,186,703,239,1128,585,543,0.16489361702127658,0.62322695035461,0.21187943262411346,0.17606837606837608,0.6307692307692307,0.19316239316239317,0.15285451197053407,0.6151012891344383,0.23204419889502761
17232,Vilopriu,17,75,30,16,61,31,33,136,61,230,122,108,0.14347826086956522,0.591304347826087,0.26521739130434785,0.13934426229508196,0.6147540983606558,0.2459016393442623,0.14814814814814814,0.5648148148148148,0.28703703703703703
25253,"Vilosell, el",10,54,36,7,53,32,17,107,68,192,100,92,0.08854166666666667,0.5572916666666666,0.3541666666666667,0.1,0.54,0.36,0.07608695652173914,0.5760869565217391,0.34782608695652173
43176,Vimbodí i Poblet,48,300,126,34,237,135,82,537,261,880,474,406,0.09318181818181819,0.6102272727272727,0.29659090909090907,0.10126582278481013,0.6329113924050633,0.26582278481012656,0.08374384236453201,0.583743842364532,0.33251231527093594
25255,Vinaixa,29,141,74,18,125,77,47,266,151,464,244,220,0.10129310344827586,0.5732758620689655,0.3254310344827586,0.11885245901639344,0.5778688524590164,0.30327868852459017,0.08181818181818182,0.5681818181818182,0.35
43177,Vinebre,41,126,45,25,134,56,66,260,101,427,212,215,0.15456674473067916,0.6088992974238876,0.23653395784543327,0.19339622641509435,0.5943396226415094,0.21226415094339623,0.11627906976744186,0.6232558139534884,0.26046511627906976
43178,Vinyols i els Arcs,184,775,195,189,688,162,373,1463,357,2193,1154,1039,0.17008663930688556,0.6671226630186958,0.16279069767441862,0.15944540727902945,0.67157712305026,0.16897746967071056,0.18190567853705486,0.6621751684311838,0.15591915303176132
8308,Viver i Serrateix,13,54,21,16,46,25,29,100,46,175,88,87,0.1657142857142857,0.5714285714285714,0.26285714285714284,0.14772727272727273,0.6136363636363636,0.23863636363636365,0.1839080459770115,0.5287356321839081,0.28735632183908044
43052,Xerta,56,367,150,61,332,193,117,699,343,1159,573,586,0.10094909404659189,0.6031061259706644,0.29594477998274377,0.09773123909249563,0.6404886561954625,0.2617801047120419,0.10409556313993173,0.5665529010238908,0.3293515358361775
